该测试样本的真实类标为3.0
基于欧式距离排序： 3 4 2 0 5 1
该测试样本的真实类标为5.0
基于欧式距离排序： 0 1 5 2 4 3
该测试样本的真实类标为2.0
基于欧式距离排序： 3 4 2 0 5 1
该测试样本的真实类标为4.0
基于欧式距离排序： 0 2 4 5 1 3
该测试样本的真实类标为5.0
基于欧式距离排序： 0 5 1 2 4 3
该测试样本的真实类标为2.0
基于欧式距离排序： 3 4 2 0 5 1
该测试样本的真实类标为2.0
基于欧式距离排序： 0 5 1 2 4 3
该测试样本的真实类标为2.0
基于欧式距离排序： 3 4 2 0 5 1
该测试样本的真实类标为3.0
基于欧式距离排序： 3 4 2 0 5 1
该测试样本的真实类标为1.0
基于欧式距离排序： 0 5 1 2 4 3
该测试样本的真实类标为4.0
基于欧式距离排序： 3 4 2 0 5 1
该测试样本的真实类标为1.0
基于欧式距离排序： 3 4 2 0 1 5
该测试样本的真实类标为3.0
基于欧式距离排序： 3 4 2 0 5 1
该测试样本的真实类标为3.0
基于欧式距离排序： 3 4 2 0 1 5
该测试样本的真实类标为2.0
基于欧式距离排序： 3 4 2 0 5 1
该测试样本的真实类标为5.0
基于欧式距离排序： 4 3 2 0 5 1
该测试样本的真实类标为0.0
基于欧式距离排序： 0 5 1 2 4 3
该测试样本的真实类标为3.0
基于欧式距离排序： 3 4 2 0 5 1
该测试样本的真实类标为3.0
基于欧式距离排序： 3 4 2 0 5 1
该测试样本的真实类标为4.0
基于欧式距离排序： 4 3 2 0 1 5
该测试样本的真实类标为1.0
基于欧式距离排序： 3 4 2 0 5 1
该测试样本的真实类标为1.0
基于欧式距离排序： 1 0 5 2 4 3
该测试样本的真实类标为3.0
基于欧式距离排序： 3 4 2 0 5 1
该测试样本的真实类标为2.0
基于欧式距离排序： 3 4 2 0 5 1
该测试样本的真实类标为3.0
基于欧式距离排序： 3 4 2 0 5 1
该测试样本的真实类标为3.0
基于欧式距离排序： 3 4 2 0 5 1
该测试样本的真实类标为2.0
基于欧式距离排序： 3 4 2 0 5 1
该测试样本的真实类标为2.0
基于欧式距离排序： 0 2 4 5 1 3
该测试样本的真实类标为4.0
基于欧式距离排序： 3 4 2 0 5 1
该测试样本的真实类标为2.0
基于欧式距离排序： 0 1 5 2 4 3
该测试样本的真实类标为4.0
基于欧式距离排序： 3 4 2 0 5 1
该测试样本的真实类标为4.0
基于欧式距离排序： 0 5 1 2 4 3
正确率(2)：0.53125正确率(3)：0.8125正确率(4)：0.875