该测试样本的真实类标为0.0
基于欧式距离排序： 0 7 1 5 6 2 4 3
该测试样本的真实类标为0.0
基于欧式距离排序： 0 7 5 6 2 1 4 3
该测试样本的真实类标为0.0
基于欧式距离排序： 0 1 7 5 6 3 4 2
该测试样本的真实类标为0.0
基于欧式距离排序： 5 0 2 7 6 4 1 3
该测试样本的真实类标为0.0
基于欧式距离排序： 0 7 1 2 4 3 6 5
该测试样本的真实类标为0.0
基于欧式距离排序： 2 0 7 5 4 6 1 3
该测试样本的真实类标为0.0
基于欧式距离排序： 0 7 5 2 6 1 4 3
该测试样本的真实类标为0.0
基于欧式距离排序： 0 1 7 4 6 5 2 3
该测试样本的真实类标为0.0
基于欧式距离排序： 0 7 2 6 5 4 1 3
该测试样本的真实类标为0.0
基于欧式距离排序： 0 2 7 4 1 5 6 3
该测试样本的真实类标为0.0
基于欧式距离排序： 0 2 7 5 1 6 4 3
该测试样本的真实类标为0.0
基于欧式距离排序： 7 0 2 4 1 3 6 5
该测试样本的真实类标为0.0
基于欧式距离排序： 0 7 5 1 6 2 4 3
该测试样本的真实类标为0.0
基于欧式距离排序： 0 7 2 5 6 3 1 4
该测试样本的真实类标为0.0
基于欧式距离排序： 0 7 1 5 6 2 4 3
该测试样本的真实类标为0.0
基于欧式距离排序： 0 7 1 2 5 4 6 3
该测试样本的真实类标为0.0
基于欧式距离排序： 0 1 7 5 3 4 6 2
该测试样本的真实类标为0.0
基于欧式距离排序： 0 7 1 5 6 3 2 4
该测试样本的真实类标为0.0
基于欧式距离排序： 0 7 2 1 4 3 6 5
该测试样本的真实类标为0.0
基于欧式距离排序： 0 2 5 7 6 4 1 3
该测试样本的真实类标为0.0
基于欧式距离排序： 0 2 6 1 7 4 5 3
该测试样本的真实类标为0.0
基于欧式距离排序： 0 7 2 5 6 1 4 3
该测试样本的真实类标为0.0
基于欧式距离排序： 0 7 5 2 6 1 4 3
该测试样本的真实类标为0.0
基于欧式距离排序： 0 5 7 2 6 1 4 3
该测试样本的真实类标为0.0
基于欧式距离排序： 0 7 5 6 2 1 3 4
该测试样本的真实类标为0.0
基于欧式距离排序： 0 7 5 6 2 1 4 3
该测试样本的真实类标为0.0
基于欧式距离排序： 0 7 2 1 5 4 6 3
该测试样本的真实类标为0.0
基于欧式距离排序： 0 1 6 2 4 7 5 3
该测试样本的真实类标为0.0
基于欧式距离排序： 0 7 5 1 6 2 4 3
该测试样本的真实类标为1.0
基于欧式距离排序： 1 4 0 3 7 2 5 6
该测试样本的真实类标为1.0
基于欧式距离排序： 6 2 5 7 0 1 4 3
该测试样本的真实类标为1.0
基于欧式距离排序： 1 4 0 2 7 3 5 6
该测试样本的真实类标为1.0
基于欧式距离排序： 1 0 5 7 4 6 2 3
该测试样本的真实类标为1.0
基于欧式距离排序： 4 1 2 7 0 3 6 5
该测试样本的真实类标为1.0
基于欧式距离排序： 0 2 7 4 1 5 6 3
该测试样本的真实类标为1.0
基于欧式距离排序： 1 4 2 0 7 5 6 3
该测试样本的真实类标为1.0
基于欧式距离排序： 0 7 5 1 2 6 4 3
该测试样本的真实类标为1.0
基于欧式距离排序： 1 0 4 7 2 5 6 3
该测试样本的真实类标为1.0
基于欧式距离排序： 1 4 2 0 7 5 6 3
该测试样本的真实类标为1.0
基于欧式距离排序： 0 2 7 5 4 1 6 3
该测试样本的真实类标为1.0
基于欧式距离排序： 4 0 1 2 6 7 3 5
该测试样本的真实类标为1.0
基于欧式距离排序： 1 4 0 2 7 5 6 3
该测试样本的真实类标为1.0
基于欧式距离排序： 1 4 2 0 3 7 6 5
该测试样本的真实类标为1.0
基于欧式距离排序： 2 7 0 6 5 1 4 3
该测试样本的真实类标为2.0
基于欧式距离排序： 4 1 2 7 0 5 6 3
该测试样本的真实类标为4.0
基于欧式距离排序： 4 2 1 7 0 5 6 3
该测试样本的真实类标为4.0
基于欧式距离排序： 4 1 2 7 0 5 6 3
该测试样本的真实类标为4.0
基于欧式距离排序： 1 4 2 0 7 5 6 3
该测试样本的真实类标为4.0
基于欧式距离排序： 1 0 3 4 7 2 6 5
该测试样本的真实类标为4.0
基于欧式距离排序： 2 4 1 5 0 7 6 3
该测试样本的真实类标为4.0
基于欧式距离排序： 2 6 5 7 4 0 1 3
该测试样本的真实类标为4.0
基于欧式距离排序： 2 6 5 7 4 1 0 3
该测试样本的真实类标为5.0
基于欧式距离排序： 2 5 7 0 6 4 1 3
该测试样本的真实类标为5.0
基于欧式距离排序： 2 7 5 0 6 4 1 3
该测试样本的真实类标为5.0
基于欧式距离排序： 7 2 0 6 4 3 1 5
该测试样本的真实类标为5.0
基于欧式距离排序： 2 5 7 6 0 4 1 3
该测试样本的真实类标为6.0
基于欧式距离排序： 6 2 7 5 3 0 4 1
该测试样本的真实类标为7.0
基于欧式距离排序： 0 1 7 5 6 3 4 2
该测试样本的真实类标为7.0
基于欧式距离排序： 2 7 4 0 5 1 6 3
该测试样本的真实类标为7.0
基于欧式距离排序： 2 7 0 4 5 6 1 3
该测试样本的真实类标为7.0
基于欧式距离排序： 0 1 7 5 3 6 4 2
该测试样本的真实类标为7.0
基于欧式距离排序： 7 2 0 6 4 3 1 5
该测试样本的真实类标为7.0
基于欧式距离排序： 2 7 5 6 4 0 1 3
该测试样本的真实类标为7.0
基于欧式距离排序： 7 2 0 5 6 4 1 3
该测试样本的真实类标为7.0
基于欧式距离排序： 2 5 7 4 6 0 1 3
该测试样本的真实类标为7.0
基于欧式距离排序： 2 7 6 5 0 4 1 3
该测试样本的真实类标为7.0
基于欧式距离排序： 2 7 5 0 6 4 1 3
该测试样本的真实类标为7.0
基于欧式距离排序： 2 7 0 5 4 6 1 3
正确率(2)：0.7794117647058824正确率(3)：0.8676470588235294正确率(4)：0.8970588235294118