该测试样本的真实类标为0.0
基于欧式距离排序： 2 1 4 3 0 5
该测试样本的真实类标为2.0
基于欧式距离排序： 2 0 4 1 3 5
该测试样本的真实类标为3.0
基于欧式距离排序： 5 3 1 2 4 0
该测试样本的真实类标为3.0
基于欧式距离排序： 2 1 3 4 0 5
该测试样本的真实类标为4.0
基于欧式距离排序： 2 1 4 0 3 5
该测试样本的真实类标为4.0
基于欧式距离排序： 5 3 1 2 4 0
该测试样本的真实类标为1.0
基于欧式距离排序： 2 1 4 0 3 5
该测试样本的真实类标为1.0
基于欧式距离排序： 2 1 3 4 0 5
该测试样本的真实类标为0.0
基于欧式距离排序： 2 1 3 4 0 5
该测试样本的真实类标为0.0
基于欧式距离排序： 5 3 1 2 4 0
该测试样本的真实类标为5.0
基于欧式距离排序： 5 3 1 4 2 0
该测试样本的真实类标为2.0
基于欧式距离排序： 2 0 4 1 3 5
该测试样本的真实类标为1.0
基于欧式距离排序： 3 1 2 4 0 5
该测试样本的真实类标为1.0
基于欧式距离排序： 3 1 2 4 5 0
该测试样本的真实类标为0.0
基于欧式距离排序： 3 1 2 4 0 5
该测试样本的真实类标为0.0
基于欧式距离排序： 2 1 4 0 3 5
该测试样本的真实类标为0.0
基于欧式距离排序： 5 3 1 2 4 0
该测试样本的真实类标为0.0
基于欧式距离排序： 3 1 2 4 0 5
该测试样本的真实类标为5.0
基于欧式距离排序： 5 3 1 4 2 0
该测试样本的真实类标为2.0
基于欧式距离排序： 2 0 4 1 3 5
该测试样本的真实类标为1.0
基于欧式距离排序： 3 1 2 4 5 0
该测试样本的真实类标为2.0
基于欧式距离排序： 2 0 4 1 3 5
该测试样本的真实类标为4.0
基于欧式距离排序： 2 0 4 1 3 5
该测试样本的真实类标为5.0
基于欧式距离排序： 5 3 1 4 2 0
该测试样本的真实类标为4.0
基于欧式距离排序： 5 3 1 4 2 0
该测试样本的真实类标为0.0
基于欧式距离排序： 2 1 4 3 0 5
该测试样本的真实类标为4.0
基于欧式距离排序： 3 1 2 4 0 5
该测试样本的真实类标为1.0
基于欧式距离排序： 2 1 3 4 0 5
该测试样本的真实类标为0.0
基于欧式距离排序： 2 0 4 1 3 5
该测试样本的真实类标为2.0
基于欧式距离排序： 2 1 3 4 0 5
该测试样本的真实类标为4.0
基于欧式距离排序： 3 1 2 4 5 0
该测试样本的真实类标为2.0
基于欧式距离排序： 2 1 4 3 0 5
该测试样本的真实类标为2.0
基于欧式距离排序： 2 3 1 4 0 5
该测试样本的真实类标为1.0
基于欧式距离排序： 2 0 4 1 3 5
该测试样本的真实类标为3.0
基于欧式距离排序： 2 1 3 4 0 5
该测试样本的真实类标为1.0
基于欧式距离排序： 2 0 4 1 3 5
该测试样本的真实类标为5.0
基于欧式距离排序： 5 3 1 4 2 0
该测试样本的真实类标为2.0
基于欧式距离排序： 2 0 4 1 3 5
该测试样本的真实类标为3.0
基于欧式距离排序： 5 3 1 2 4 0
该测试样本的真实类标为0.0
基于欧式距离排序： 5 3 1 2 4 0
该测试样本的真实类标为0.0
基于欧式距离排序： 2 3 1 4 0 5
该测试样本的真实类标为0.0
基于欧式距离排序： 2 0 4 1 3 5
该测试样本的真实类标为0.0
基于欧式距离排序： 5 3 1 2 4 0
该测试样本的真实类标为2.0
基于欧式距离排序： 2 1 3 4 0 5
该测试样本的真实类标为1.0
基于欧式距离排序： 5 3 1 2 4 0
该测试样本的真实类标为1.0
基于欧式距离排序： 2 0 4 1 3 5
该测试样本的真实类标为1.0
基于欧式距离排序： 2 0 4 1 3 5
该测试样本的真实类标为4.0
基于欧式距离排序： 5 3 1 4 2 0
该测试样本的真实类标为4.0
基于欧式距离排序： 3 1 5 2 4 0
该测试样本的真实类标为3.0
基于欧式距离排序： 2 0 4 1 3 5
该测试样本的真实类标为3.0
基于欧式距离排序： 3 1 2 4 0 5
该测试样本的真实类标为4.0
基于欧式距离排序： 3 1 5 2 4 0
该测试样本的真实类标为0.0
基于欧式距离排序： 2 1 3 4 0 5
该测试样本的真实类标为0.0
基于欧式距离排序： 3 1 5 2 4 0
该测试样本的真实类标为0.0
基于欧式距离排序： 2 0 4 1 3 5
该测试样本的真实类标为0.0
基于欧式距离排序： 2 0 4 1 3 5
该测试样本的真实类标为2.0
基于欧式距离排序： 2 0 4 1 3 5
该测试样本的真实类标为2.0
基于欧式距离排序： 2 1 3 4 0 5
该测试样本的真实类标为3.0
基于欧式距离排序： 2 0 4 1 3 5
该测试样本的真实类标为3.0
基于欧式距离排序： 2 0 4 1 3 5
该测试样本的真实类标为1.0
基于欧式距离排序： 5 3 1 2 4 0
该测试样本的真实类标为2.0
基于欧式距离排序： 3 1 2 4 0 5
该测试样本的真实类标为0.0
基于欧式距离排序： 2 1 3 4 0 5
该测试样本的真实类标为2.0
基于欧式距离排序： 3 1 5 2 4 0
该测试样本的真实类标为3.0
基于欧式距离排序： 3 2 1 4 0 5
该测试样本的真实类标为0.0
基于欧式距离排序： 5 3 1 2 4 0
该测试样本的真实类标为0.0
基于欧式距离排序： 2 0 4 1 3 5
该测试样本的真实类标为3.0
基于欧式距离排序： 3 1 2 4 0 5
该测试样本的真实类标为0.0
基于欧式距离排序： 0 2 4 1 3 5
该测试样本的真实类标为2.0
基于欧式距离排序： 2 0 4 1 3 5
该测试样本的真实类标为0.0
基于欧式距离排序： 2 3 1 4 0 5
该测试样本的真实类标为0.0
基于欧式距离排序： 2 1 3 4 0 5
正确率(2)：0.4583333333333333正确率(3)：0.5555555555555556正确率(4)：0.6944444444444444