该测试样本的真实类标为3.0
基于欧式距离排序： 1 5 0 2 4 3
该测试样本的真实类标为5.0
基于欧式距离排序： 3 4 2 5 1 0
该测试样本的真实类标为2.0
基于欧式距离排序： 1 5 0 2 3 4
该测试样本的真实类标为4.0
基于欧式距离排序： 3 4 2 1 5 0
该测试样本的真实类标为5.0
基于欧式距离排序： 3 4 2 5 1 0
该测试样本的真实类标为2.0
基于欧式距离排序： 1 5 0 2 4 3
该测试样本的真实类标为2.0
基于欧式距离排序： 3 4 2 5 1 0
该测试样本的真实类标为2.0
基于欧式距离排序： 1 5 0 2 4 3
该测试样本的真实类标为3.0
基于欧式距离排序： 1 5 0 2 4 3
该测试样本的真实类标为1.0
基于欧式距离排序： 3 4 2 5 1 0
该测试样本的真实类标为4.0
基于欧式距离排序： 1 5 0 2 4 3
该测试样本的真实类标为1.0
基于欧式距离排序： 1 5 0 3 2 4
该测试样本的真实类标为3.0
基于欧式距离排序： 1 5 0 2 4 3
该测试样本的真实类标为3.0
基于欧式距离排序： 1 5 0 3 2 4
该测试样本的真实类标为2.0
基于欧式距离排序： 1 5 0 2 3 4
该测试样本的真实类标为5.0
基于欧式距离排序： 1 5 0 3 2 4
该测试样本的真实类标为0.0
基于欧式距离排序： 3 4 2 5 1 0
该测试样本的真实类标为3.0
基于欧式距离排序： 1 5 0 2 4 3
该测试样本的真实类标为3.0
基于欧式距离排序： 1 5 0 2 4 3
该测试样本的真实类标为4.0
基于欧式距离排序： 3 1 5 4 0 2
该测试样本的真实类标为1.0
基于欧式距离排序： 1 5 0 2 4 3
该测试样本的真实类标为1.0
基于欧式距离排序： 3 4 2 5 0 1
该测试样本的真实类标为3.0
基于欧式距离排序： 1 5 0 2 4 3
该测试样本的真实类标为2.0
基于欧式距离排序： 1 5 0 2 3 4
该测试样本的真实类标为3.0
基于欧式距离排序： 1 5 0 2 4 3
该测试样本的真实类标为3.0
基于欧式距离排序： 1 5 0 2 4 3
该测试样本的真实类标为2.0
基于欧式距离排序： 1 5 0 2 4 3
该测试样本的真实类标为2.0
基于欧式距离排序： 3 4 2 5 1 0
该测试样本的真实类标为4.0
基于欧式距离排序： 1 5 0 2 3 4
该测试样本的真实类标为2.0
基于欧式距离排序： 3 4 2 5 1 0
该测试样本的真实类标为4.0
基于欧式距离排序： 1 5 0 2 4 3
该测试样本的真实类标为4.0
基于欧式距离排序： 3 4 2 5 1 0
正确率(2)：0.15625正确率(3)：0.25正确率(4)：0.5625