该测试样本的真实类标为0.0
基于欧式距离排序： 8 0 1 9 5 2 4 3 7 6
该测试样本的真实类标为1.0
基于欧式距离排序： 8 3 9 0 4 6 5 1 2 7
该测试样本的真实类标为0.0
基于欧式距离排序： 8 3 9 4 5 6 1 7 2 0
该测试样本的真实类标为5.0
基于欧式距离排序： 8 9 3 6 4 0 2 7 5 1
该测试样本的真实类标为1.0
基于欧式距离排序： 8 3 9 4 6 5 7 2 1 0
该测试样本的真实类标为2.0
基于欧式距离排序： 8 3 4 6 9 0 5 1 7 2
该测试样本的真实类标为0.0
基于欧式距离排序： 8 3 4 9 5 6 0 1 7 2
该测试样本的真实类标为5.0
基于欧式距离排序： 8 0 4 1 6 2 3 7 9 5
该测试样本的真实类标为6.0
基于欧式距离排序： 8 1 2 5 0 9 7 4 3 6
该测试样本的真实类标为0.0
基于欧式距离排序： 8 1 2 0 5 7 9 4 6 3
该测试样本的真实类标为2.0
基于欧式距离排序： 8 5 1 0 9 2 3 4 7 6
该测试样本的真实类标为1.0
基于欧式距离排序： 8 3 6 9 4 0 7 5 2 1
该测试样本的真实类标为1.0
基于欧式距离排序： 8 9 3 6 4 0 2 7 5 1
该测试样本的真实类标为0.0
基于欧式距离排序： 8 1 2 0 7 5 9 4 6 3
该测试样本的真实类标为0.0
基于欧式距离排序： 8 9 3 4 5 1 2 7 6 0
该测试样本的真实类标为2.0
基于欧式距离排序： 8 3 4 9 6 1 2 7 0 5
该测试样本的真实类标为1.0
基于欧式距离排序： 8 3 4 6 9 0 1 5 7 2
该测试样本的真实类标为2.0
基于欧式距离排序： 8 3 4 6 9 0 7 2 1 5
该测试样本的真实类标为1.0
基于欧式距离排序： 8 3 4 0 9 6 1 5 2 7
该测试样本的真实类标为1.0
基于欧式距离排序： 8 5 0 1 9 3 2 4 7 6
该测试样本的真实类标为2.0
基于欧式距离排序： 8 3 4 9 6 1 0 2 7 5
该测试样本的真实类标为2.0
基于欧式距离排序： 8 3 9 6 4 0 5 7 2 1
该测试样本的真实类标为2.0
基于欧式距离排序： 8 3 9 4 6 0 5 7 1 2
该测试样本的真实类标为0.0
基于欧式距离排序： 8 1 9 2 5 7 0 4 3 6
该测试样本的真实类标为8.0
基于欧式距离排序： 3 6 9 4 5 1 7 2 0 8
该测试样本的真实类标为2.0
基于欧式距离排序： 8 3 4 9 6 7 5 1 2 0
该测试样本的真实类标为2.0
基于欧式距离排序： 8 3 9 4 6 1 7 5 2 0
该测试样本的真实类标为2.0
基于欧式距离排序： 8 9 3 1 4 5 0 6 2 7
该测试样本的真实类标为2.0
基于欧式距离排序： 8 3 4 6 9 0 5 1 7 2
该测试样本的真实类标为3.0
基于欧式距离排序： 8 1 2 0 5 7 9 4 6 3
该测试样本的真实类标为0.0
基于欧式距离排序： 8 1 9 2 4 5 3 7 0 6
该测试样本的真实类标为0.0
基于欧式距离排序： 8 3 1 9 4 5 7 2 6 0
该测试样本的真实类标为0.0
基于欧式距离排序： 8 3 9 4 5 6 7 1 2 0
该测试样本的真实类标为0.0
基于欧式距离排序： 8 1 2 5 0 7 9 4 3 6
该测试样本的真实类标为2.0
基于欧式距离排序： 8 3 1 9 4 5 0 2 6 7
该测试样本的真实类标为5.0
基于欧式距离排序： 8 0 1 4 3 2 6 9 7 5
该测试样本的真实类标为2.0
基于欧式距离排序： 8 3 5 9 4 0 6 1 7 2
该测试样本的真实类标为1.0
基于欧式距离排序： 8 3 4 6 0 9 5 7 1 2
该测试样本的真实类标为4.0
基于欧式距离排序： 8 1 2 0 5 9 7 4 6 3
该测试样本的真实类标为8.0
基于欧式距离排序： 3 4 9 6 5 0 1 7 2 8
该测试样本的真实类标为6.0
基于欧式距离排序： 8 1 0 2 5 7 9 4 3 6
该测试样本的真实类标为2.0
基于欧式距离排序： 8 3 4 9 6 5 0 7 1 2
该测试样本的真实类标为0.0
基于欧式距离排序： 8 3 9 4 6 5 1 2 0 7
该测试样本的真实类标为0.0
基于欧式距离排序： 8 3 0 9 4 5 6 1 2 7
该测试样本的真实类标为2.0
基于欧式距离排序： 8 3 4 9 6 5 0 7 1 2
该测试样本的真实类标为1.0
基于欧式距离排序： 8 3 6 4 9 5 0 7 1 2
该测试样本的真实类标为0.0
基于欧式距离排序： 8 9 4 3 7 2 1 6 5 0
该测试样本的真实类标为1.0
基于欧式距离排序： 8 9 3 0 4 1 6 2 5 7
该测试样本的真实类标为2.0
基于欧式距离排序： 8 3 9 6 4 0 5 7 1 2
该测试样本的真实类标为2.0
基于欧式距离排序： 8 3 9 4 6 1 5 2 0 7
该测试样本的真实类标为4.0
基于欧式距离排序： 8 1 2 0 5 9 7 4 6 3
该测试样本的真实类标为4.0
基于欧式距离排序： 8 0 1 2 9 4 5 3 6 7
该测试样本的真实类标为5.0
基于欧式距离排序： 8 3 4 6 0 9 1 2 7 5
该测试样本的真实类标为5.0
基于欧式距离排序： 8 1 0 2 3 4 9 5 7 6
该测试样本的真实类标为6.0
基于欧式距离排序： 8 1 2 5 0 7 9 4 6 3
该测试样本的真实类标为8.0
基于欧式距离排序： 8 3 4 6 9 0 1 2 5 7
该测试样本的真实类标为3.0
基于欧式距离排序： 8 1 0 2 5 9 7 4 3 6
该测试样本的真实类标为3.0
基于欧式距离排序： 8 2 1 9 7 5 4 6 0 3
该测试样本的真实类标为2.0
基于欧式距离排序： 8 0 9 1 3 5 4 2 6 7
该测试样本的真实类标为1.0
基于欧式距离排序： 8 0 5 4 3 2 1 9 7 6
该测试样本的真实类标为1.0
基于欧式距离排序： 8 3 4 6 0 9 5 1 2 7
该测试样本的真实类标为1.0
基于欧式距离排序： 8 4 3 9 6 7 2 5 1 0
该测试样本的真实类标为2.0
基于欧式距离排序： 8 3 4 6 9 0 5 7 2 1
该测试样本的真实类标为2.0
基于欧式距离排序： 8 3 4 0 9 6 1 2 5 7
该测试样本的真实类标为1.0
基于欧式距离排序： 8 3 9 0 4 5 6 1 2 7
该测试样本的真实类标为1.0
基于欧式距离排序： 8 3 4 0 9 6 5 1 7 2
该测试样本的真实类标为2.0
基于欧式距离排序： 8 3 9 5 0 4 6 1 2 7
该测试样本的真实类标为2.0
基于欧式距离排序： 8 3 4 6 0 9 5 1 7 2
该测试样本的真实类标为1.0
基于欧式距离排序： 8 4 3 0 9 6 1 2 7 5
该测试样本的真实类标为1.0
基于欧式距离排序： 8 9 6 3 4 2 7 5 1 0
该测试样本的真实类标为2.0
基于欧式距离排序： 8 3 6 0 4 9 5 1 2 7
该测试样本的真实类标为5.0
基于欧式距离排序： 8 3 1 6 4 9 2 0 7 5
该测试样本的真实类标为1.0
基于欧式距离排序： 8 3 9 4 6 0 5 1 7 2
该测试样本的真实类标为1.0
基于欧式距离排序： 8 4 3 6 9 0 2 7 1 5
该测试样本的真实类标为1.0
基于欧式距离排序： 8 3 4 6 9 5 1 7 0 2
该测试样本的真实类标为2.0
基于欧式距离排序： 8 9 0 3 4 6 2 1 5 7
该测试样本的真实类标为1.0
基于欧式距离排序： 8 3 4 6 9 0 5 7 1 2
该测试样本的真实类标为5.0
基于欧式距离排序： 8 4 1 2 3 0 6 7 9 5
该测试样本的真实类标为1.0
基于欧式距离排序： 8 3 4 6 9 0 5 7 2 1
该测试样本的真实类标为5.0
基于欧式距离排序： 8 3 6 4 0 1 2 9 7 5
该测试样本的真实类标为5.0
基于欧式距离排序： 8 0 1 2 4 6 3 7 9 5
该测试样本的真实类标为0.0
基于欧式距离排序： 8 1 3 9 4 2 5 7 6 0
该测试样本的真实类标为0.0
基于欧式距离排序： 8 9 1 5 3 0 2 4 7 6
该测试样本的真实类标为0.0
基于欧式距离排序： 8 0 1 9 2 3 5 4 6 7
该测试样本的真实类标为1.0
基于欧式距离排序： 8 3 5 4 0 6 9 7 1 2
该测试样本的真实类标为5.0
基于欧式距离排序： 8 3 0 4 6 1 9 2 5 7
该测试样本的真实类标为5.0
基于欧式距离排序： 8 1 2 0 9 5 7 4 6 3
该测试样本的真实类标为9.0
基于欧式距离排序： 8 1 2 0 7 6 3 5 4 9
该测试样本的真实类标为0.0
基于欧式距离排序： 8 9 3 4 6 5 7 2 1 0
该测试样本的真实类标为5.0
基于欧式距离排序： 8 3 6 4 9 0 5 7 2 1
该测试样本的真实类标为6.0
基于欧式距离排序： 8 1 5 2 0 7 9 4 3 6
该测试样本的真实类标为2.0
基于欧式距离排序： 8 3 4 9 6 0 5 1 7 2
该测试样本的真实类标为4.0
基于欧式距离排序： 8 1 2 5 0 9 7 4 6 3
该测试样本的真实类标为4.0
基于欧式距离排序： 8 1 2 9 0 7 4 5 6 3
该测试样本的真实类标为4.0
基于欧式距离排序： 8 1 2 5 7 9 0 6 4 3
该测试样本的真实类标为1.0
基于欧式距离排序： 8 3 4 6 9 0 5 7 2 1
该测试样本的真实类标为2.0
基于欧式距离排序： 8 0 3 9 4 1 6 5 2 7
该测试样本的真实类标为1.0
基于欧式距离排序： 8 3 9 0 4 6 1 5 2 7
该测试样本的真实类标为2.0
基于欧式距离排序： 8 3 4 0 6 9 1 5 2 7
该测试样本的真实类标为1.0
基于欧式距离排序： 8 0 9 5 1 3 4 2 7 6
该测试样本的真实类标为1.0
基于欧式距离排序： 8 3 9 6 4 0 5 1 7 2
该测试样本的真实类标为1.0
基于欧式距离排序： 8 3 9 4 0 6 5 7 2 1
该测试样本的真实类标为0.0
基于欧式距离排序： 8 9 4 1 3 5 7 2 6 0
该测试样本的真实类标为1.0
基于欧式距离排序： 8 3 6 4 9 7 0 5 2 1
该测试样本的真实类标为0.0
基于欧式距离排序： 8 3 9 4 5 6 7 1 2 0
该测试样本的真实类标为0.0
基于欧式距离排序： 8 3 9 4 6 5 7 2 1 0
该测试样本的真实类标为1.0
基于欧式距离排序： 8 3 4 9 6 0 5 7 2 1
该测试样本的真实类标为0.0
基于欧式距离排序： 8 1 0 9 2 5 4 3 7 6
该测试样本的真实类标为2.0
基于欧式距离排序： 8 3 4 9 0 5 6 1 7 2
该测试样本的真实类标为4.0
基于欧式距离排序： 8 1 0 2 5 9 7 6 4 3
该测试样本的真实类标为0.0
基于欧式距离排序： 8 4 9 7 3 2 1 5 6 0
该测试样本的真实类标为0.0
基于欧式距离排序： 8 3 9 4 5 6 1 7 2 0
该测试样本的真实类标为0.0
基于欧式距离排序： 9 3 5 4 1 6 7 2 0 8
该测试样本的真实类标为0.0
基于欧式距离排序： 8 3 9 5 4 1 7 6 2 0
该测试样本的真实类标为0.0
基于欧式距离排序： 8 3 4 9 6 5 7 1 2 0
该测试样本的真实类标为0.0
基于欧式距离排序： 8 3 9 4 5 6 1 0 7 2
该测试样本的真实类标为0.0
基于欧式距离排序： 8 9 5 1 3 2 7 4 6 0
该测试样本的真实类标为0.0
基于欧式距离排序： 8 9 3 1 5 2 4 7 6 0
该测试样本的真实类标为0.0
基于欧式距离排序： 8 4 0 1 3 2 9 6 5 7
该测试样本的真实类标为0.0
基于欧式距离排序： 8 9 3 4 6 1 2 5 7 0
该测试样本的真实类标为1.0
基于欧式距离排序： 8 3 9 4 0 6 5 1 7 2
该测试样本的真实类标为0.0
基于欧式距离排序： 8 1 9 0 5 2 3 4 7 6
该测试样本的真实类标为0.0
基于欧式距离排序： 8 1 9 2 5 7 4 3 6 0
该测试样本的真实类标为2.0
基于欧式距离排序： 8 3 0 1 9 6 2 5 4 7
该测试样本的真实类标为2.0
基于欧式距离排序： 8 3 6 4 0 1 7 2 5 9
该测试样本的真实类标为1.0
基于欧式距离排序： 8 9 3 0 4 6 1 2 5 7
该测试样本的真实类标为2.0
基于欧式距离排序： 8 3 4 0 5 1 9 2 6 7
该测试样本的真实类标为1.0
基于欧式距离排序： 8 5 0 1 2 4 3 7 9 6
该测试样本的真实类标为2.0
基于欧式距离排序： 8 3 4 6 0 9 1 5 2 7
该测试样本的真实类标为2.0
基于欧式距离排序： 8 3 4 6 9 1 0 2 7 5
该测试样本的真实类标为1.0
基于欧式距离排序： 8 3 4 9 6 0 5 7 1 2
该测试样本的真实类标为1.0
基于欧式距离排序： 8 1 0 2 5 9 4 7 3 6
该测试样本的真实类标为1.0
基于欧式距离排序： 8 1 0 9 5 2 3 7 4 6
该测试样本的真实类标为1.0
基于欧式距离排序： 8 3 4 6 9 7 0 5 2 1
该测试样本的真实类标为0.0
基于欧式距离排序： 8 3 4 9 6 0 5 1 7 2
该测试样本的真实类标为2.0
基于欧式距离排序： 8 3 9 1 4 5 6 0 2 7
该测试样本的真实类标为0.0
基于欧式距离排序： 8 1 5 2 7 4 9 3 0 6
该测试样本的真实类标为0.0
基于欧式距离排序： 8 3 9 4 5 6 0 1 7 2
该测试样本的真实类标为1.0
基于欧式距离排序： 8 3 4 9 6 0 5 7 2 1
该测试样本的真实类标为6.0
基于欧式距离排序： 8 1 2 5 0 9 7 4 3 6
该测试样本的真实类标为5.0
基于欧式距离排序： 8 3 6 4 9 0 2 7 1 5
该测试样本的真实类标为6.0
基于欧式距离排序： 8 1 5 2 0 7 9 4 3 6
该测试样本的真实类标为5.0
基于欧式距离排序： 8 2 1 9 0 4 6 7 3 5
该测试样本的真实类标为5.0
基于欧式距离排序： 8 3 4 6 0 9 1 2 7 5
该测试样本的真实类标为5.0
基于欧式距离排序： 8 3 4 6 9 0 2 1 7 5
该测试样本的真实类标为1.0
基于欧式距离排序： 8 3 4 6 9 0 7 5 2 1
该测试样本的真实类标为1.0
基于欧式距离排序： 8 3 6 9 4 0 5 7 2 1
该测试样本的真实类标为1.0
基于欧式距离排序： 3 8 6 4 0 7 2 9 5 1
该测试样本的真实类标为1.0
基于欧式距离排序： 8 3 9 4 6 0 5 7 2 1
该测试样本的真实类标为1.0
基于欧式距离排序： 8 3 6 9 4 0 5 7 2 1
该测试样本的真实类标为2.0
基于欧式距离排序： 8 3 4 9 6 0 5 1 2 7
该测试样本的真实类标为2.0
基于欧式距离排序： 8 3 4 6 9 0 7 5 1 2
该测试样本的真实类标为2.0
基于欧式距离排序： 8 3 6 9 4 5 7 0 1 2
该测试样本的真实类标为5.0
基于欧式距离排序： 8 3 6 4 9 0 2 7 1 5
该测试样本的真实类标为2.0
基于欧式距离排序： 8 3 9 4 6 0 5 1 7 2
该测试样本的真实类标为0.0
基于欧式距离排序： 8 1 2 5 9 0 7 3 4 6
该测试样本的真实类标为1.0
基于欧式距离排序： 3 8 6 9 4 0 5 7 1 2
该测试样本的真实类标为1.0
基于欧式距离排序： 8 3 4 0 6 9 5 1 2 7
该测试样本的真实类标为1.0
基于欧式距离排序： 8 3 9 4 0 1 6 5 2 7
该测试样本的真实类标为1.0
基于欧式距离排序： 8 3 9 4 6 0 7 2 5 1
该测试样本的真实类标为1.0
基于欧式距离排序： 8 3 4 6 9 5 7 0 2 1
该测试样本的真实类标为1.0
基于欧式距离排序： 8 9 3 4 0 6 2 7 5 1
该测试样本的真实类标为2.0
基于欧式距离排序： 8 3 4 0 9 6 1 2 5 7
该测试样本的真实类标为1.0
基于欧式距离排序： 8 3 9 4 6 5 1 7 2 0
该测试样本的真实类标为5.0
基于欧式距离排序： 8 0 1 4 2 3 9 6 7 5
该测试样本的真实类标为1.0
基于欧式距离排序： 8 3 9 4 5 6 0 1 7 2
该测试样本的真实类标为2.0
基于欧式距离排序： 8 3 4 0 9 6 1 2 5 7
该测试样本的真实类标为1.0
基于欧式距离排序： 8 3 9 0 4 6 5 1 2 7
该测试样本的真实类标为1.0
基于欧式距离排序： 8 3 9 4 6 7 5 2 0 1
该测试样本的真实类标为1.0
基于欧式距离排序： 3 8 4 6 9 0 5 7 1 2
该测试样本的真实类标为1.0
基于欧式距离排序： 8 3 4 5 9 0 1 6 7 2
该测试样本的真实类标为2.0
基于欧式距离排序： 8 0 9 3 4 1 6 2 5 7
该测试样本的真实类标为2.0
基于欧式距离排序： 8 9 3 0 4 5 6 1 2 7
该测试样本的真实类标为2.0
基于欧式距离排序： 8 3 4 9 6 5 7 1 2 0
该测试样本的真实类标为2.0
基于欧式距离排序： 8 1 2 0 5 7 9 4 3 6
该测试样本的真实类标为2.0
基于欧式距离排序： 3 8 5 4 9 6 7 1 2 0
该测试样本的真实类标为2.0
基于欧式距离排序： 8 3 9 6 5 4 1 2 7 0
该测试样本的真实类标为2.0
基于欧式距离排序： 8 3 9 4 5 6 0 1 7 2
该测试样本的真实类标为2.0
基于欧式距离排序： 8 3 9 4 5 6 0 1 7 2
该测试样本的真实类标为2.0
基于欧式距离排序： 8 3 4 6 9 5 0 7 1 2
该测试样本的真实类标为2.0
基于欧式距离排序： 8 3 9 4 6 5 1 7 0 2
该测试样本的真实类标为2.0
基于欧式距离排序： 8 3 9 4 6 5 1 7 2 0
该测试样本的真实类标为2.0
基于欧式距离排序： 8 3 4 9 6 1 5 7 2 0
该测试样本的真实类标为2.0
基于欧式距离排序： 8 3 9 4 6 5 7 2 0 1
该测试样本的真实类标为3.0
基于欧式距离排序： 8 1 2 0 5 7 9 4 6 3
该测试样本的真实类标为2.0
基于欧式距离排序： 8 9 3 6 4 0 2 7 5 1
该测试样本的真实类标为0.0
基于欧式距离排序： 8 9 3 1 4 2 5 7 6 0
该测试样本的真实类标为2.0
基于欧式距离排序： 8 3 0 4 9 6 5 1 7 2
该测试样本的真实类标为2.0
基于欧式距离排序： 8 3 0 4 6 9 1 5 2 7
该测试样本的真实类标为2.0
基于欧式距离排序： 8 3 4 6 9 0 5 1 7 2
该测试样本的真实类标为4.0
基于欧式距离排序： 8 0 1 4 2 3 6 7 9 5
该测试样本的真实类标为2.0
基于欧式距离排序： 8 3 9 6 4 0 5 7 2 1
该测试样本的真实类标为3.0
基于欧式距离排序： 8 1 2 5 0 7 9 4 6 3
该测试样本的真实类标为5.0
基于欧式距离排序： 8 3 6 4 0 9 1 2 7 5
该测试样本的真实类标为1.0
基于欧式距离排序： 8 9 3 6 4 0 7 2 5 1
该测试样本的真实类标为1.0
基于欧式距离排序： 8 3 4 9 6 1 5 0 2 7
该测试样本的真实类标为1.0
基于欧式距离排序： 8 3 9 4 0 6 5 1 2 7
该测试样本的真实类标为0.0
基于欧式距离排序： 8 0 1 9 2 3 4 5 6 7
该测试样本的真实类标为4.0
基于欧式距离排序： 8 1 0 2 9 5 7 6 4 3
该测试样本的真实类标为1.0
基于欧式距离排序： 8 3 4 9 6 0 5 1 7 2
该测试样本的真实类标为1.0
基于欧式距离排序： 8 3 6 9 4 0 5 7 2 1
该测试样本的真实类标为1.0
基于欧式距离排序： 8 3 9 4 6 0 2 7 1 5
该测试样本的真实类标为1.0
基于欧式距离排序： 8 3 9 4 6 0 7 5 2 1
该测试样本的真实类标为1.0
基于欧式距离排序： 8 3 9 5 4 0 6 1 7 2
该测试样本的真实类标为0.0
基于欧式距离排序： 8 3 9 4 5 6 1 7 2 0
该测试样本的真实类标为1.0
基于欧式距离排序： 8 3 9 4 6 0 5 2 7 1
该测试样本的真实类标为1.0
基于欧式距离排序： 8 3 4 6 9 0 1 2 7 5
该测试样本的真实类标为1.0
基于欧式距离排序： 8 3 5 0 4 1 9 6 2 7
该测试样本的真实类标为1.0
基于欧式距离排序： 8 3 9 6 4 0 5 7 1 2
该测试样本的真实类标为2.0
基于欧式距离排序： 8 9 3 4 0 6 5 2 7 1
该测试样本的真实类标为2.0
基于欧式距离排序： 8 9 3 0 4 6 5 1 2 7
该测试样本的真实类标为5.0
基于欧式距离排序： 8 0 1 2 6 3 4 7 5 9
该测试样本的真实类标为5.0
基于欧式距离排序： 8 0 4 1 3 2 6 9 7 5
该测试样本的真实类标为2.0
基于欧式距离排序： 8 3 4 6 5 9 7 0 1 2
该测试样本的真实类标为5.0
基于欧式距离排序： 8 0 3 4 1 9 2 6 7 5
该测试样本的真实类标为3.0
基于欧式距离排序： 8 1 2 0 5 7 9 4 6 3
该测试样本的真实类标为0.0
基于欧式距离排序： 3 8 6 4 9 5 7 0 2 1
该测试样本的真实类标为7.0
基于欧式距离排序： 8 0 1 2 6 3 5 9 4 7
该测试样本的真实类标为6.0
基于欧式距离排序： 8 1 5 0 2 9 7 4 3 6
该测试样本的真实类标为2.0
基于欧式距离排序： 8 3 4 9 0 1 5 6 2 7
该测试样本的真实类标为2.0
基于欧式距离排序： 8 3 9 4 0 6 1 2 5 7
该测试样本的真实类标为2.0
基于欧式距离排序： 8 0 3 9 1 5 6 4 2 7
该测试样本的真实类标为2.0
基于欧式距离排序： 8 3 9 4 0 6 5 1 2 7
该测试样本的真实类标为2.0
基于欧式距离排序： 8 1 0 5 3 9 2 4 6 7
该测试样本的真实类标为2.0
基于欧式距离排序： 8 3 4 9 6 0 5 1 2 7
该测试样本的真实类标为2.0
基于欧式距离排序： 8 3 9 6 4 5 1 7 2 0
该测试样本的真实类标为1.0
基于欧式距离排序： 8 3 0 9 4 6 5 1 2 7
该测试样本的真实类标为2.0
基于欧式距离排序： 8 0 3 9 1 5 6 4 2 7
该测试样本的真实类标为2.0
基于欧式距离排序： 8 0 3 9 1 5 6 4 2 7
该测试样本的真实类标为1.0
基于欧式距离排序： 8 1 2 0 4 5 7 9 3 6
该测试样本的真实类标为2.0
基于欧式距离排序： 8 3 4 6 9 0 5 7 1 2
该测试样本的真实类标为2.0
基于欧式距离排序： 8 3 4 6 9 5 0 7 1 2
该测试样本的真实类标为2.0
基于欧式距离排序： 8 9 3 4 6 0 5 7 2 1
该测试样本的真实类标为2.0
基于欧式距离排序： 8 3 4 0 9 6 1 5 2 7
该测试样本的真实类标为2.0
基于欧式距离排序： 8 3 4 9 6 1 0 5 2 7
该测试样本的真实类标为2.0
基于欧式距离排序： 8 3 4 5 0 9 1 6 7 2
该测试样本的真实类标为5.0
基于欧式距离排序： 8 9 2 3 6 4 7 1 5 0
该测试样本的真实类标为2.0
基于欧式距离排序： 8 3 4 6 9 0 5 7 1 2
该测试样本的真实类标为1.0
基于欧式距离排序： 8 3 9 4 6 1 5 2 7 0
该测试样本的真实类标为1.0
基于欧式距离排序： 8 3 4 9 6 5 7 0 2 1
该测试样本的真实类标为2.0
基于欧式距离排序： 8 0 3 9 4 6 1 2 5 7
该测试样本的真实类标为2.0
基于欧式距离排序： 8 3 9 4 6 0 1 5 2 7
该测试样本的真实类标为7.0
基于欧式距离排序： 8 3 0 9 6 4 1 5 2 7
该测试样本的真实类标为0.0
基于欧式距离排序： 8 9 3 6 4 0 5 1 2 7
该测试样本的真实类标为2.0
基于欧式距离排序： 8 9 3 6 4 7 2 5 1 0
该测试样本的真实类标为7.0
基于欧式距离排序： 8 1 0 2 9 5 7 4 6 3
该测试样本的真实类标为7.0
基于欧式距离排序： 8 0 1 2 9 6 4 7 5 3
该测试样本的真实类标为2.0
基于欧式距离排序： 8 3 0 4 9 6 1 5 2 7
该测试样本的真实类标为2.0
基于欧式距离排序： 8 3 9 4 1 0 5 6 2 7
该测试样本的真实类标为5.0
基于欧式距离排序： 8 0 9 3 6 1 4 2 7 5
该测试样本的真实类标为3.0
基于欧式距离排序： 8 1 2 0 5 9 7 4 6 3
该测试样本的真实类标为8.0
基于欧式距离排序： 3 4 6 9 0 1 5 2 7 8
该测试样本的真实类标为3.0
基于欧式距离排序： 8 0 1 2 5 7 9 4 6 3
该测试样本的真实类标为5.0
基于欧式距离排序： 8 1 2 0 4 7 9 6 3 5
该测试样本的真实类标为5.0
基于欧式距离排序： 8 3 1 6 9 2 0 4 5 7
该测试样本的真实类标为5.0
基于欧式距离排序： 8 3 4 6 0 9 1 2 7 5
该测试样本的真实类标为5.0
基于欧式距离排序： 8 0 1 2 9 5 4 7 3 6
该测试样本的真实类标为1.0
基于欧式距离排序： 8 3 9 4 6 0 5 7 1 2
该测试样本的真实类标为1.0
基于欧式距离排序： 8 3 9 4 6 0 5 7 2 1
该测试样本的真实类标为4.0
基于欧式距离排序： 8 1 2 5 7 9 4 0 3 6
该测试样本的真实类标为0.0
基于欧式距离排序： 8 0 1 4 3 2 9 5 6 7
该测试样本的真实类标为1.0
基于欧式距离排序： 8 3 6 9 4 0 5 7 2 1
该测试样本的真实类标为1.0
基于欧式距离排序： 8 3 6 9 4 0 2 7 5 1
该测试样本的真实类标为1.0
基于欧式距离排序： 8 9 0 4 3 2 6 5 7 1
该测试样本的真实类标为2.0
基于欧式距离排序： 8 3 4 9 6 5 7 1 2 0
该测试样本的真实类标为2.0
基于欧式距离排序： 8 0 9 1 5 3 4 2 6 7
该测试样本的真实类标为2.0
基于欧式距离排序： 8 3 9 4 6 0 5 1 2 7
该测试样本的真实类标为2.0
基于欧式距离排序： 8 9 3 0 4 1 6 2 5 7
该测试样本的真实类标为0.0
基于欧式距离排序： 8 5 1 9 3 2 4 7 0 6
该测试样本的真实类标为1.0
基于欧式距离排序： 8 3 9 6 4 0 5 7 2 1
该测试样本的真实类标为0.0
基于欧式距离排序： 8 9 1 2 4 5 3 7 6 0
该测试样本的真实类标为1.0
基于欧式距离排序： 8 3 4 6 1 9 0 2 7 5
该测试样本的真实类标为0.0
基于欧式距离排序： 8 3 4 6 9 0 5 7 1 2
该测试样本的真实类标为2.0
基于欧式距离排序： 8 0 1 5 9 2 3 7 6 4
该测试样本的真实类标为1.0
基于欧式距离排序： 8 3 4 6 9 0 5 7 1 2
该测试样本的真实类标为5.0
基于欧式距离排序： 8 3 4 6 0 9 1 2 7 5
该测试样本的真实类标为1.0
基于欧式距离排序： 8 3 6 9 4 0 5 7 2 1
该测试样本的真实类标为1.0
基于欧式距离排序： 8 3 4 6 9 5 0 7 1 2
该测试样本的真实类标为1.0
基于欧式距离排序： 3 8 6 4 9 5 7 0 1 2
该测试样本的真实类标为2.0
基于欧式距离排序： 8 0 1 5 9 2 4 3 7 6
该测试样本的真实类标为5.0
基于欧式距离排序： 8 3 4 6 1 2 9 0 7 5
该测试样本的真实类标为0.0
基于欧式距离排序： 8 5 9 1 2 7 0 3 4 6
该测试样本的真实类标为1.0
基于欧式距离排序： 8 3 6 4 9 0 7 2 5 1
该测试样本的真实类标为7.0
基于欧式距离排序： 8 4 3 6 0 1 2 7 5 9
该测试样本的真实类标为0.0
基于欧式距离排序： 8 3 4 9 6 1 2 7 5 0
该测试样本的真实类标为7.0
基于欧式距离排序： 8 1 2 5 0 9 7 4 3 6
该测试样本的真实类标为2.0
基于欧式距离排序： 8 0 3 9 5 1 4 6 2 7
该测试样本的真实类标为1.0
基于欧式距离排序： 8 3 4 6 9 0 5 7 1 2
该测试样本的真实类标为2.0
基于欧式距离排序： 8 3 9 4 6 0 5 7 2 1
该测试样本的真实类标为5.0
基于欧式距离排序： 8 0 1 3 6 2 9 4 5 7
该测试样本的真实类标为2.0
基于欧式距离排序： 8 3 9 0 6 5 4 1 2 7
该测试样本的真实类标为5.0
基于欧式距离排序： 8 3 4 6 0 1 9 2 7 5
该测试样本的真实类标为2.0
基于欧式距离排序： 8 3 9 4 6 0 5 2 7 1
该测试样本的真实类标为2.0
基于欧式距离排序： 8 3 9 4 6 0 1 5 2 7
该测试样本的真实类标为1.0
基于欧式距离排序： 8 3 4 6 9 0 5 7 2 1
该测试样本的真实类标为1.0
基于欧式距离排序： 8 3 6 9 4 0 7 2 5 1
该测试样本的真实类标为4.0
基于欧式距离排序： 8 1 0 2 9 5 7 6 4 3
正确率(2)：0.026936026936026935正确率(3)：0.04040404040404041正确率(4)：0.06060606060606061