该测试样本的真实类标为2.0
基于欧式距离排序： 3 0 5 2 4 6 10 1 7 8 9
该测试样本的真实类标为3.0
基于欧式距离排序： 0 2 1 3 5 10 4 6 8 9 7
该测试样本的真实类标为4.0
基于欧式距离排序： 0 2 1 3 10 5 4 6 8 9 7
该测试样本的真实类标为8.0
基于欧式距离排序： 3 2 0 1 5 4 10 6 8 7 9
该测试样本的真实类标为6.0
基于欧式距离排序： 0 2 1 3 10 5 4 6 8 9 7
该测试样本的真实类标为7.0
基于欧式距离排序： 2 0 3 1 10 4 5 8 6 9 7
该测试样本的真实类标为8.0
基于欧式距离排序： 2 3 0 1 4 5 10 6 8 7 9
该测试样本的真实类标为4.0
基于欧式距离排序： 0 2 1 3 10 5 4 6 8 9 7
该测试样本的真实类标为7.0
基于欧式距离排序： 2 0 1 3 10 4 5 8 6 9 7
该测试样本的真实类标为9.0
基于欧式距离排序： 3 2 4 0 5 1 6 10 7 8 9
该测试样本的真实类标为1.0
基于欧式距离排序： 3 4 5 6 2 7 10 8 1 0 9
该测试样本的真实类标为3.0
基于欧式距离排序： 0 2 3 1 5 10 4 6 8 7 9
该测试样本的真实类标为5.0
基于欧式距离排序： 0 2 1 3 10 5 4 6 8 9 7
该测试样本的真实类标为8.0
基于欧式距离排序： 3 2 0 4 1 5 10 6 7 8 9
该测试样本的真实类标为9.0
基于欧式距离排序： 3 2 4 0 5 1 6 10 7 8 9
该测试样本的真实类标为10.0
基于欧式距离排序： 0 2 3 1 5 4 10 6 8 9 7
该测试样本的真实类标为4.0
基于欧式距离排序： 2 3 0 1 5 4 10 6 8 7 9
该测试样本的真实类标为6.0
基于欧式距离排序： 0 1 2 3 10 5 4 6 8 9 7
该测试样本的真实类标为7.0
基于欧式距离排序： 0 1 2 3 10 5 4 6 8 9 7
该测试样本的真实类标为10.0
基于欧式距离排序： 2 0 3 1 4 5 10 6 7 8 9
该测试样本的真实类标为3.0
基于欧式距离排序： 0 1 2 3 5 6 10 4 8 9 7
该测试样本的真实类标为6.0
基于欧式距离排序： 0 1 2 3 10 5 4 6 8 9 7
该测试样本的真实类标为2.0
基于欧式距离排序： 3 6 5 2 4 0 7 1 10 8 9
该测试样本的真实类标为7.0
基于欧式距离排序： 0 1 2 3 10 5 4 6 9 8 7
该测试样本的真实类标为10.0
基于欧式距离排序： 2 0 3 1 5 4 10 6 8 7 9
该测试样本的真实类标为3.0
基于欧式距离排序： 0 1 2 3 5 6 10 4 8 9 7
该测试样本的真实类标为4.0
基于欧式距离排序： 0 1 2 3 10 5 4 6 9 8 7
该测试样本的真实类标为8.0
基于欧式距离排序： 0 2 1 3 10 5 4 6 8 9 7
该测试样本的真实类标为2.0
基于欧式距离排序： 0 3 6 5 2 4 7 1 10 9 8
该测试样本的真实类标为2.0
基于欧式距离排序： 0 3 2 6 5 4 1 7 9 10 8
该测试样本的真实类标为4.0
基于欧式距离排序： 0 1 2 3 10 5 6 4 8 9 7
该测试样本的真实类标为3.0
基于欧式距离排序： 0 1 2 3 5 6 10 9 4 8 7
该测试样本的真实类标为6.0
基于欧式距离排序： 0 1 2 3 10 5 4 9 8 6 7
该测试样本的真实类标为7.0
基于欧式距离排序： 0 1 2 3 10 5 4 8 9 6 7
该测试样本的真实类标为8.0
基于欧式距离排序： 0 1 2 3 4 10 5 6 8 7 9
该测试样本的真实类标为10.0
基于欧式距离排序： 0 3 2 1 5 4 6 10 7 8 9
该测试样本的真实类标为9.0
基于欧式距离排序： 0 2 1 3 10 4 5 6 8 7 9
该测试样本的真实类标为10.0
基于欧式距离排序： 0 3 2 1 5 4 6 10 7 8 9
该测试样本的真实类标为9.0
基于欧式距离排序： 0 1 2 3 10 4 5 6 8 7 9
该测试样本的真实类标为4.0
基于欧式距离排序： 0 1 2 3 10 5 4 9 6 8 7
该测试样本的真实类标为0.0
基于欧式距离排序： 7 6 5 9 4 8 3 10 2 0 1
该测试样本的真实类标为9.0
基于欧式距离排序： 0 2 1 3 10 4 5 6 8 7 9
该测试样本的真实类标为10.0
基于欧式距离排序： 0 2 3 1 5 4 6 10 9 7 8
该测试样本的真实类标为2.0
基于欧式距离排序： 0 6 7 1 5 9 4 2 8 3 10
该测试样本的真实类标为7.0
基于欧式距离排序： 0 1 2 3 4 10 5 6 8 7 9
该测试样本的真实类标为8.0
基于欧式距离排序： 0 1 2 3 5 10 4 6 9 8 7
该测试样本的真实类标为0.0
基于欧式距离排序： 7 6 9 5 4 8 3 10 0 2 1
该测试样本的真实类标为1.0
基于欧式距离排序： 0 6 9 7 5 8 4 3 2 1 10
该测试样本的真实类标为2.0
基于欧式距离排序： 0 6 7 1 5 9 2 4 8 3 10
该测试样本的真实类标为0.0
基于欧式距离排序： 7 6 9 5 4 8 3 10 0 2 1
该测试样本的真实类标为3.0
基于欧式距离排序： 0 1 2 6 5 3 10 9 7 4 8
该测试样本的真实类标为7.0
基于欧式距离排序： 0 1 2 3 4 10 5 6 7 8 9
该测试样本的真实类标为0.0
基于欧式距离排序： 7 6 5 4 9 8 3 10 0 2 1
该测试样本的真实类标为4.0
基于欧式距离排序： 0 1 2 3 10 5 9 4 8 6 7
该测试样本的真实类标为8.0
基于欧式距离排序： 0 1 2 3 5 6 4 10 7 8 9
该测试样本的真实类标为0.0
基于欧式距离排序： 7 6 4 5 3 8 9 10 2 1 0
该测试样本的真实类标为2.0
基于欧式距离排序： 7 6 1 4 0 5 3 8 2 9 10
该测试样本的真实类标为7.0
基于欧式距离排序： 0 1 2 3 10 5 9 4 6 8 7
该测试样本的真实类标为5.0
基于欧式距离排序： 0 1 6 2 7 9 5 3 8 10 4
该测试样本的真实类标为7.0
基于欧式距离排序： 0 1 2 3 10 5 9 6 4 8 7
该测试样本的真实类标为0.0
基于欧式距离排序： 7 6 4 3 5 8 9 10 2 1 0
该测试样本的真实类标为1.0
基于欧式距离排序： 7 6 4 3 5 1 8 2 10 9 0
该测试样本的真实类标为5.0
基于欧式距离排序： 0 1 6 7 2 5 3 9 4 8 10
该测试样本的真实类标为8.0
基于欧式距离排序： 0 1 2 3 5 6 4 10 7 8 9
该测试样本的真实类标为3.0
基于欧式距离排序： 0 1 9 6 7 8 5 2 10 4 3
该测试样本的真实类标为5.0
基于欧式距离排序： 0 6 1 7 5 2 3 4 9 8 10
该测试样本的真实类标为8.0
基于欧式距离排序： 0 1 2 3 5 6 4 10 7 8 9
该测试样本的真实类标为10.0
基于欧式距离排序： 0 1 6 7 2 5 3 4 9 8 10
该测试样本的真实类标为1.0
基于欧式距离排序： 4 7 1 6 3 5 0 2 8 10 9
该测试样本的真实类标为2.0
基于欧式距离排序： 1 0 4 3 2 7 6 5 10 8 9
该测试样本的真实类标为9.0
基于欧式距离排序： 0 1 2 3 5 4 6 10 7 8 9
该测试样本的真实类标为10.0
基于欧式距离排序： 0 1 6 2 7 5 3 4 9 8 10
该测试样本的真实类标为2.0
基于欧式距离排序： 7 6 5 4 0 9 8 1 3 10 2
该测试样本的真实类标为4.0
基于欧式距离排序： 0 1 2 9 6 5 3 10 8 7 4
该测试样本的真实类标为5.0
基于欧式距离排序： 0 1 2 9 6 5 7 8 10 3 4
该测试样本的真实类标为10.0
基于欧式距离排序： 0 1 6 7 2 5 9 3 4 8 10
该测试样本的真实类标为6.0
基于欧式距离排序： 0 1 2 6 5 9 3 10 8 7 4
该测试样本的真实类标为8.0
基于欧式距离排序： 0 1 2 3 5 6 4 9 7 10 8
该测试样本的真实类标为10.0
基于欧式距离排序： 0 1 6 7 2 5 9 3 4 8 10
该测试样本的真实类标为1.0
基于欧式距离排序： 7 6 4 5 3 8 9 1 10 2 0
该测试样本的真实类标为5.0
基于欧式距离排序： 0 1 2 9 6 7 5 8 3 10 4
该测试样本的真实类标为7.0
基于欧式距离排序： 0 1 2 3 10 5 9 6 4 8 7
该测试样本的真实类标为9.0
基于欧式距离排序： 0 1 2 3 5 6 10 4 7 8 9
该测试样本的真实类标为3.0
基于欧式距离排序： 0 1 6 7 9 2 5 8 4 10 3
该测试样本的真实类标为8.0
基于欧式距离排序： 0 1 2 6 3 5 7 4 9 10 8
该测试样本的真实类标为7.0
基于欧式距离排序： 0 1 2 3 5 9 6 10 8 4 7
该测试样本的真实类标为1.0
基于欧式距离排序： 7 6 4 5 9 8 3 0 10 1 2
该测试样本的真实类标为5.0
基于欧式距离排序： 0 1 2 9 6 5 7 8 10 3 4
该测试样本的真实类标为8.0
基于欧式距离排序： 0 1 2 6 3 5 9 7 4 10 8
该测试样本的真实类标为4.0
基于欧式距离排序： 0 1 2 9 6 5 10 8 3 7 4
该测试样本的真实类标为0.0
基于欧式距离排序： 7 6 4 5 8 3 9 10 1 2 0
该测试样本的真实类标为3.0
基于欧式距离排序： 0 1 9 6 7 2 8 5 10 4 3
该测试样本的真实类标为4.0
基于欧式距离排序： 0 1 2 9 6 5 10 8 3 7 4
该测试样本的真实类标为8.0
基于欧式距离排序： 0 1 6 2 5 7 3 4 9 8 10
该测试样本的真实类标为9.0
基于欧式距离排序： 0 1 2 3 5 6 4 7 10 8 9
该测试样本的真实类标为0.0
基于欧式距离排序： 7 6 4 3 5 1 2 8 10 0 9
该测试样本的真实类标为3.0
基于欧式距离排序： 0 1 9 6 7 2 8 5 10 4 3
该测试样本的真实类标为6.0
基于欧式距离排序： 0 1 2 9 6 5 3 7 10 8 4
该测试样本的真实类标为9.0
基于欧式距离排序： 0 1 2 3 6 5 10 9 8 4 7
该测试样本的真实类标为5.0
基于欧式距离排序： 0 1 9 6 7 2 5 8 10 4 3
该测试样本的真实类标为9.0
基于欧式距离排序： 0 1 2 3 5 6 10 9 8 4 7
该测试样本的真实类标为0.0
基于欧式距离排序： 0 1 2 3 4 5 6 7 10 8 9
该测试样本的真实类标为3.0
基于欧式距离排序： 0 6 7 1 9 5 8 4 2 3 10
该测试样本的真实类标为4.0
基于欧式距离排序： 0 1 6 2 9 7 5 8 10 3 4
该测试样本的真实类标为5.0
基于欧式距离排序： 0 1 6 7 9 5 2 4 8 3 10
该测试样本的真实类标为7.0
基于欧式距离排序： 0 1 2 6 5 9 3 10 7 8 4
该测试样本的真实类标为10.0
基于欧式距离排序： 0 1 6 7 5 2 4 9 3 8 10
该测试样本的真实类标为2.0
基于欧式距离排序： 0 1 7 6 4 5 2 3 9 8 10
该测试样本的真实类标为6.0
基于欧式距离排序： 0 1 2 6 9 5 7 3 10 8 4
该测试样本的真实类标为1.0
基于欧式距离排序： 7 6 9 5 8 4 0 1 3 10 2
该测试样本的真实类标为9.0
基于欧式距离排序： 0 1 7 6 2 3 4 5 9 8 10
该测试样本的真实类标为10.0
基于欧式距离排序： 0 9 7 6 1 5 8 4 2 3 10
该测试样本的真实类标为0.0
基于欧式距离排序： 7 9 6 8 5 4 0 10 1 3 2
该测试样本的真实类标为4.0
基于欧式距离排序： 0 1 9 2 6 7 5 8 10 3 4
该测试样本的真实类标为2.0
基于欧式距离排序： 7 6 9 0 5 8 1 4 10 3 2
该测试样本的真实类标为0.0
基于欧式距离排序： 7 6 4 9 5 8 3 10 1 0 2
该测试样本的真实类标为8.0
基于欧式距离排序： 0 1 2 9 6 7 3 5 4 8 10
该测试样本的真实类标为1.0
基于欧式距离排序： 7 9 6 0 8 5 4 1 10 3 2
该测试样本的真实类标为3.0
基于欧式距离排序： 0 7 9 6 1 8 5 4 10 2 3
该测试样本的真实类标为4.0
基于欧式距离排序： 0 1 9 2 6 7 5 8 10 3 4
该测试样本的真实类标为5.0
基于欧式距离排序： 0 1 9 7 6 2 5 8 4 3 10
该测试样本的真实类标为6.0
基于欧式距离排序： 0 1 9 7 6 2 8 5 4 3 10
该测试样本的真实类标为7.0
基于欧式距离排序： 0 1 2 9 3 10 5 6 8 7 4
该测试样本的真实类标为1.0
基于欧式距离排序： 7 6 9 0 5 8 1 4 10 3 2
该测试样本的真实类标为6.0
基于欧式距离排序： 0 1 9 6 2 7 5 8 10 3 4
该测试样本的真实类标为9.0
基于欧式距离排序： 0 1 2 6 9 7 5 3 10 8 4
该测试样本的真实类标为2.0
基于欧式距离排序： 0 9 7 6 8 1 5 4 10 2 3
该测试样本的真实类标为5.0
基于欧式距离排序： 0 1 9 6 7 8 5 2 10 4 3
该测试样本的真实类标为6.0
基于欧式距离排序： 0 1 9 6 7 2 5 8 10 4 3
该测试样本的真实类标为9.0
基于欧式距离排序： 0 1 2 6 9 7 5 3 10 8 4
该测试样本的真实类标为0.0
基于欧式距离排序： 7 6 9 5 8 4 0 3 10 1 2
该测试样本的真实类标为9.0
基于欧式距离排序： 0 1 2 6 9 7 3 5 10 8 4
该测试样本的真实类标为1.0
基于欧式距离排序： 7 6 0 9 1 5 8 4 2 3 10
该测试样本的真实类标为4.0
基于欧式距离排序： 0 1 9 6 7 8 2 5 10 4 3
该测试样本的真实类标为5.0
基于欧式距离排序： 0 1 9 6 7 8 5 2 10 4 3
该测试样本的真实类标为3.0
基于欧式距离排序： 0 9 1 7 6 8 5 2 10 4 3
该测试样本的真实类标为0.0
基于欧式距离排序： 7 6 9 5 4 8 0 1 3 10 2
该测试样本的真实类标为7.0
基于欧式距离排序： 0 1 2 9 6 5 3 10 7 8 4
该测试样本的真实类标为9.0
基于欧式距离排序： 0 1 6 9 2 7 5 8 10 4 3
该测试样本的真实类标为4.0
基于欧式距离排序： 0 1 9 6 7 2 8 5 10 3 4
该测试样本的真实类标为6.0
基于欧式距离排序： 0 1 9 2 6 7 8 5 10 3 4
该测试样本的真实类标为7.0
基于欧式距离排序： 0 1 2 9 6 5 7 10 8 3 4
该测试样本的真实类标为5.0
基于欧式距离排序： 0 1 9 6 7 2 8 5 10 4 3
该测试样本的真实类标为9.0
基于欧式距离排序： 0 1 2 6 9 7 5 8 3 10 4
该测试样本的真实类标为10.0
基于欧式距离排序： 0 7 6 9 1 5 8 4 2 10 3
该测试样本的真实类标为2.0
基于欧式距离排序： 0 7 6 9 1 8 5 4 10 2 3
该测试样本的真实类标为4.0
基于欧式距离排序： 0 1 9 6 7 2 8 5 10 3 4
该测试样本的真实类标为5.0
基于欧式距离排序： 0 1 9 6 7 2 8 5 10 4 3
该测试样本的真实类标为10.0
基于欧式距离排序： 0 7 6 9 1 5 8 4 2 10 3
该测试样本的真实类标为1.0
基于欧式距离排序： 7 6 9 0 5 8 4 1 10 3 2
该测试样本的真实类标为0.0
基于欧式距离排序： 7 6 9 8 5 4 0 1 10 3 2
该测试样本的真实类标为3.0
基于欧式距离排序： 0 9 7 1 6 8 5 2 10 4 3
该测试样本的真实类标为6.0
基于欧式距离排序： 0 1 9 6 7 2 8 5 10 4 3
该测试样本的真实类标为10.0
基于欧式距离排序： 0 7 6 9 1 8 5 4 2 10 3
该测试样本的真实类标为5.0
基于欧式距离排序： 0 9 7 1 6 8 5 2 4 10 3
该测试样本的真实类标为6.0
基于欧式距离排序： 0 1 9 6 7 2 8 5 10 4 3
该测试样本的真实类标为9.0
基于欧式距离排序： 7 6 0 9 5 1 4 8 3 2 10
该测试样本的真实类标为1.0
基于欧式距离排序： 7 6 9 0 8 5 1 4 10 2 3
该测试样本的真实类标为6.0
基于欧式距离排序： 0 1 9 6 7 2 8 5 10 4 3
该测试样本的真实类标为8.0
基于欧式距离排序： 0 1 9 6 2 7 8 5 10 3 4
该测试样本的真实类标为0.0
基于欧式距离排序： 7 6 9 8 4 5 0 1 10 3 2
该测试样本的真实类标为1.0
基于欧式距离排序： 7 6 9 0 8 5 1 4 10 3 2
该测试样本的真实类标为2.0
基于欧式距离排序： 0 9 7 6 1 8 5 4 10 2 3
该测试样本的真实类标为5.0
基于欧式距离排序： 0 9 1 7 6 8 5 2 10 4 3
该测试样本的真实类标为2.0
基于欧式距离排序： 0 7 9 6 1 8 5 4 10 2 3
该测试样本的真实类标为7.0
基于欧式距离排序： 0 1 9 6 7 2 8 5 10 4 3
该测试样本的真实类标为8.0
基于欧式距离排序： 0 1 9 6 7 2 8 5 10 4 3
该测试样本的真实类标为1.0
基于欧式距离排序： 7 0 6 9 1 8 5 4 10 2 3
该测试样本的真实类标为2.0
基于欧式距离排序： 0 7 9 1 6 8 5 4 10 2 3
该测试样本的真实类标为2.0
基于欧式距离排序： 0 7 9 6 1 8 5 4 10 2 3
该测试样本的真实类标为10.0
基于欧式距离排序： 0 1 9 7 6 8 5 2 10 4 3
该测试样本的真实类标为4.0
基于欧式距离排序： 0 9 7 1 6 8 5 2 10 4 3
该测试样本的真实类标为6.0
基于欧式距离排序： 0 9 1 7 6 8 5 2 10 4 3
该测试样本的真实类标为7.0
基于欧式距离排序： 0 1 9 6 7 2 8 5 10 4 3
该测试样本的真实类标为8.0
基于欧式距离排序： 0 7 6 1 9 8 5 4 2 10 3
该测试样本的真实类标为2.0
基于欧式距离排序： 0 7 9 6 1 8 5 4 10 2 3
该测试样本的真实类标为1.0
基于欧式距离排序： 0 7 1 6 9 8 5 4 2 10 3
该测试样本的真实类标为3.0
基于欧式距离排序： 0 9 7 6 1 8 5 10 4 2 3
该测试样本的真实类标为10.0
基于欧式距离排序： 0 1 9 7 6 8 5 2 10 4 3
该测试样本的真实类标为0.0
基于欧式距离排序： 0 7 1 6 9 8 5 4 2 10 3
该测试样本的真实类标为6.0
基于欧式距离排序： 0 9 1 6 7 8 5 10 2 4 3
该测试样本的真实类标为0.0
基于欧式距离排序： 0 7 6 1 9 8 5 4 2 10 3
该测试样本的真实类标为1.0
基于欧式距离排序： 0 7 1 6 9 8 5 4 10 2 3
该测试样本的真实类标为3.0
基于欧式距离排序： 0 9 7 6 1 8 5 10 4 2 3
该测试样本的真实类标为6.0
基于欧式距离排序： 0 1 9 6 7 8 5 2 10 4 3
该测试样本的真实类标为9.0
基于欧式距离排序： 0 7 6 1 9 8 5 4 10 2 3
该测试样本的真实类标为0.0
基于欧式距离排序： 7 0 6 9 1 8 5 4 10 2 3
该测试样本的真实类标为4.0
基于欧式距离排序： 0 9 1 7 6 8 5 2 10 4 3
该测试样本的真实类标为8.0
基于欧式距离排序： 0 1 9 7 6 8 5 2 10 4 3
该测试样本的真实类标为1.0
基于欧式距离排序： 7 6 0 9 1 8 5 4 10 2 3
该测试样本的真实类标为3.0
基于欧式距离排序： 0 9 7 6 1 8 5 10 4 2 3
该测试样本的真实类标为5.0
基于欧式距离排序： 0 9 1 7 6 8 5 2 10 4 3
该测试样本的真实类标为6.0
基于欧式距离排序： 0 9 1 7 6 8 5 2 10 4 3
该测试样本的真实类标为1.0
基于欧式距离排序： 7 6 9 0 1 8 5 4 10 2 3
该测试样本的真实类标为3.0
基于欧式距离排序： 0 9 7 6 1 8 5 10 4 2 3
该测试样本的真实类标为5.0
基于欧式距离排序： 0 9 1 7 6 8 5 2 10 4 3
该测试样本的真实类标为7.0
基于欧式距离排序： 0 1 9 6 7 8 2 5 10 4 3
该测试样本的真实类标为10.0
基于欧式距离排序： 0 9 7 6 1 8 5 4 10 2 3
正确率(2)：0.020202020202020204正确率(3)：0.045454545454545456正确率(4)：0.13131313131313133