该测试样本的真实类标为0.0
基于欧式距离排序： 4 6 5 1 0 2 3
该测试样本的真实类标为0.0
基于欧式距离排序： 4 6 5 1 0 2 3
该测试样本的真实类标为0.0
基于欧式距离排序： 4 6 5 1 0 2 3
该测试样本的真实类标为0.0
基于欧式距离排序： 4 6 5 1 0 2 3
该测试样本的真实类标为0.0
基于欧式距离排序： 4 6 5 1 0 2 3
该测试样本的真实类标为0.0
基于欧式距离排序： 4 6 5 1 0 2 3
该测试样本的真实类标为0.0
基于欧式距离排序： 4 6 5 1 0 2 3
该测试样本的真实类标为0.0
基于欧式距离排序： 4 6 5 1 0 2 3
该测试样本的真实类标为0.0
基于欧式距离排序： 4 6 5 1 0 2 3
该测试样本的真实类标为0.0
基于欧式距离排序： 4 6 5 1 0 2 3
该测试样本的真实类标为0.0
基于欧式距离排序： 4 6 5 1 0 2 3
该测试样本的真实类标为0.0
基于欧式距离排序： 4 6 5 1 0 2 3
该测试样本的真实类标为1.0
基于欧式距离排序： 4 6 5 1 0 2 3
该测试样本的真实类标为1.0
基于欧式距离排序： 4 6 5 1 0 2 3
该测试样本的真实类标为1.0
基于欧式距离排序： 4 6 5 1 0 2 3
该测试样本的真实类标为1.0
基于欧式距离排序： 4 6 5 1 0 2 3
该测试样本的真实类标为1.0
基于欧式距离排序： 4 6 5 1 0 2 3
该测试样本的真实类标为1.0
基于欧式距离排序： 4 6 5 1 0 2 3
该测试样本的真实类标为1.0
基于欧式距离排序： 6 2 0 1 5 4 3
该测试样本的真实类标为1.0
基于欧式距离排序： 4 6 5 1 0 2 3
该测试样本的真实类标为1.0
基于欧式距离排序： 4 6 5 1 0 2 3
该测试样本的真实类标为1.0
基于欧式距离排序： 4 6 5 1 0 2 3
该测试样本的真实类标为1.0
基于欧式距离排序： 4 6 5 1 0 2 3
该测试样本的真实类标为1.0
基于欧式距离排序： 4 6 5 1 0 2 3
该测试样本的真实类标为1.0
基于欧式距离排序： 4 6 5 1 0 2 3
该测试样本的真实类标为1.0
基于欧式距离排序： 4 6 5 1 0 2 3
该测试样本的真实类标为1.0
基于欧式距离排序： 4 6 5 1 0 2 3
该测试样本的真实类标为2.0
基于欧式距离排序： 4 6 5 1 0 2 3
该测试样本的真实类标为2.0
基于欧式距离排序： 4 6 5 1 0 2 3
该测试样本的真实类标为2.0
基于欧式距离排序： 4 6 5 1 0 2 3
该测试样本的真实类标为4.0
基于欧式距离排序： 4 1 0 2 6 5 3
该测试样本的真实类标为4.0
基于欧式距离排序： 1 0 2 4 5 6 3
该测试样本的真实类标为4.0
基于欧式距离排序： 4 6 1 5 0 2 3
该测试样本的真实类标为5.0
基于欧式距离排序： 4 1 0 2 6 5 3
该测试样本的真实类标为6.0
基于欧式距离排序： 4 1 0 2 5 6 3
该测试样本的真实类标为6.0
基于欧式距离排序： 4 1 0 2 5 6 3
该测试样本的真实类标为6.0
基于欧式距离排序： 4 1 0 2 6 5 3
该测试样本的真实类标为6.0
基于欧式距离排序： 4 1 0 2 5 6 3
该测试样本的真实类标为6.0
基于欧式距离排序： 4 1 0 2 5 6 3
该测试样本的真实类标为0.0
基于欧式距离排序： 4 6 5 1 0 2 3
该测试样本的真实类标为0.0
基于欧式距离排序： 4 6 5 1 0 2 3
该测试样本的真实类标为1.0
基于欧式距离排序： 4 6 5 1 0 2 3
该测试样本的真实类标为6.0
基于欧式距离排序： 4 1 6 0 5 2 3
正确率(2)：0.046511627906976744正确率(3)：0.06976744186046512正确率(4)：0.46511627906976744