该测试样本的真实类标为0.0
基于欧式距离排序： 3 6 7 4 2 5 1 0
该测试样本的真实类标为0.0
基于欧式距离排序： 3 6 4 1 7 2 5 0
该测试样本的真实类标为0.0
基于欧式距离排序： 3 6 7 2 5 4 1 0
该测试样本的真实类标为0.0
基于欧式距离排序： 3 1 4 6 0 7 2 5
该测试样本的真实类标为0.0
基于欧式距离排序： 6 3 5 2 1 7 0 4
该测试样本的真实类标为0.0
基于欧式距离排序： 3 6 1 0 5 4 7 2
该测试样本的真实类标为0.0
基于欧式距离排序： 3 6 1 4 7 0 2 5
该测试样本的真实类标为0.0
基于欧式距离排序： 3 6 5 7 2 4 1 0
该测试样本的真实类标为0.0
基于欧式距离排序： 3 6 1 4 5 0 7 2
该测试样本的真实类标为0.0
基于欧式距离排序： 3 6 5 1 7 0 4 2
该测试样本的真实类标为0.0
基于欧式距离排序： 3 6 1 7 4 5 2 0
该测试样本的真实类标为0.0
基于欧式距离排序： 6 3 5 0 1 2 7 4
该测试样本的真实类标为0.0
基于欧式距离排序： 3 6 4 7 1 5 2 0
该测试样本的真实类标为0.0
基于欧式距离排序： 3 1 4 6 0 7 5 2
该测试样本的真实类标为0.0
基于欧式距离排序： 3 6 4 5 1 7 2 0
该测试样本的真实类标为0.0
基于欧式距离排序： 3 6 5 7 1 4 2 0
该测试样本的真实类标为0.0
基于欧式距离排序： 3 6 2 7 5 4 1 0
该测试样本的真实类标为0.0
基于欧式距离排序： 3 6 4 2 7 5 1 0
该测试样本的真实类标为0.0
基于欧式距离排序： 6 3 5 1 0 2 7 4
该测试样本的真实类标为0.0
基于欧式距离排序： 3 6 1 4 7 0 5 2
该测试样本的真实类标为0.0
基于欧式距离排序： 3 6 7 1 5 4 2 0
该测试样本的真实类标为0.0
基于欧式距离排序： 3 6 1 4 7 0 2 5
该测试样本的真实类标为0.0
基于欧式距离排序： 3 6 1 4 7 2 5 0
该测试样本的真实类标为0.0
基于欧式距离排序： 3 6 1 4 7 2 0 5
该测试样本的真实类标为0.0
基于欧式距离排序： 3 6 4 1 0 7 2 5
该测试样本的真实类标为0.0
基于欧式距离排序： 3 6 4 1 2 7 5 0
该测试样本的真实类标为0.0
基于欧式距离排序： 3 6 5 7 1 4 2 0
该测试样本的真实类标为0.0
基于欧式距离排序： 3 6 7 2 4 5 1 0
该测试样本的真实类标为0.0
基于欧式距离排序： 3 6 4 7 2 1 5 0
该测试样本的真实类标为1.0
基于欧式距离排序： 3 6 5 7 2 0 4 1
该测试样本的真实类标为1.0
基于欧式距离排序： 3 7 0 4 1 6 5 2
该测试样本的真实类标为1.0
基于欧式距离排序： 3 6 5 7 2 0 4 1
该测试样本的真实类标为1.0
基于欧式距离排序： 3 6 7 2 4 5 1 0
该测试样本的真实类标为1.0
基于欧式距离排序： 5 6 3 0 7 2 1 4
该测试样本的真实类标为1.0
基于欧式距离排序： 3 6 5 7 1 2 4 0
该测试样本的真实类标为1.0
基于欧式距离排序： 3 6 5 7 0 2 1 4
该测试样本的真实类标为1.0
基于欧式距离排序： 3 6 2 7 4 5 1 0
该测试样本的真实类标为1.0
基于欧式距离排序： 3 6 5 7 2 0 4 1
该测试样本的真实类标为1.0
基于欧式距离排序： 3 6 5 7 2 0 4 1
该测试样本的真实类标为1.0
基于欧式距离排序： 3 6 1 5 7 4 2 0
该测试样本的真实类标为1.0
基于欧式距离排序： 3 6 7 5 0 2 1 4
该测试样本的真实类标为1.0
基于欧式距离排序： 3 6 5 7 2 0 4 1
该测试样本的真实类标为1.0
基于欧式距离排序： 3 6 5 7 2 0 4 1
该测试样本的真实类标为1.0
基于欧式距离排序： 3 6 5 0 7 1 4 2
该测试样本的真实类标为2.0
基于欧式距离排序： 3 6 5 7 0 2 1 4
该测试样本的真实类标为4.0
基于欧式距离排序： 3 5 6 7 0 1 2 4
该测试样本的真实类标为4.0
基于欧式距离排序： 3 6 5 7 0 1 2 4
该测试样本的真实类标为4.0
基于欧式距离排序： 3 6 5 7 2 0 1 4
该测试样本的真实类标为4.0
基于欧式距离排序： 6 5 2 3 7 0 4 1
该测试样本的真实类标为4.0
基于欧式距离排序： 3 6 7 5 0 1 4 2
该测试样本的真实类标为4.0
基于欧式距离排序： 3 1 0 4 7 5 6 2
该测试样本的真实类标为4.0
基于欧式距离排序： 3 1 0 7 4 5 6 2
该测试样本的真实类标为5.0
基于欧式距离排序： 3 1 4 6 0 7 5 2
该测试样本的真实类标为5.0
基于欧式距离排序： 3 1 6 4 0 7 5 2
该测试样本的真实类标为5.0
基于欧式距离排序： 3 1 6 0 5 4 7 2
该测试样本的真实类标为5.0
基于欧式距离排序： 3 1 4 0 7 6 5 2
该测试样本的真实类标为6.0
基于欧式距离排序： 0 1 3 4 7 5 2 6
该测试样本的真实类标为7.0
基于欧式距离排序： 3 6 2 4 7 5 1 0
该测试样本的真实类标为7.0
基于欧式距离排序： 3 6 1 0 5 7 4 2
该测试样本的真实类标为7.0
基于欧式距离排序： 3 1 6 0 4 5 7 2
该测试样本的真实类标为7.0
基于欧式距离排序： 3 6 2 4 7 5 1 0
该测试样本的真实类标为7.0
基于欧式距离排序： 3 1 6 0 5 4 7 2
该测试样本的真实类标为7.0
基于欧式距离排序： 3 1 6 0 4 5 7 2
该测试样本的真实类标为7.0
基于欧式距离排序： 3 1 6 4 0 5 7 2
该测试样本的真实类标为7.0
基于欧式距离排序： 3 1 6 0 4 7 5 2
该测试样本的真实类标为7.0
基于欧式距离排序： 3 1 0 4 7 5 6 2
该测试样本的真实类标为7.0
基于欧式距离排序： 3 1 6 0 4 5 7 2
该测试样本的真实类标为7.0
基于欧式距离排序： 3 6 1 0 4 5 7 2
正确率(2)：0.0正确率(3)：0.014705882352941176正确率(4)：0.058823529411764705