该测试样本的真实类标为0.0
基于欧式距离排序： 5 2 4 1 0 3
该测试样本的真实类标为2.0
基于欧式距离排序： 5 0 4 1 3 2
该测试样本的真实类标为3.0
基于欧式距离排序： 5 0 4 2 1 3
该测试样本的真实类标为3.0
基于欧式距离排序： 5 0 2 4 1 3
该测试样本的真实类标为4.0
基于欧式距离排序： 5 0 2 1 4 3
该测试样本的真实类标为4.0
基于欧式距离排序： 5 0 2 1 3 4
该测试样本的真实类标为1.0
基于欧式距离排序： 5 0 2 4 1 3
该测试样本的真实类标为1.0
基于欧式距离排序： 5 0 2 4 1 3
该测试样本的真实类标为0.0
基于欧式距离排序： 5 2 1 4 3 0
该测试样本的真实类标为0.0
基于欧式距离排序： 5 2 4 1 3 0
该测试样本的真实类标为5.0
基于欧式距离排序： 2 4 0 1 3 5
该测试样本的真实类标为2.0
基于欧式距离排序： 5 0 4 1 2 3
该测试样本的真实类标为1.0
基于欧式距离排序： 5 0 2 4 3 1
该测试样本的真实类标为1.0
基于欧式距离排序： 5 0 2 4 3 1
该测试样本的真实类标为0.0
基于欧式距离排序： 5 0 2 4 1 3
该测试样本的真实类标为0.0
基于欧式距离排序： 5 0 2 4 1 3
该测试样本的真实类标为0.0
基于欧式距离排序： 5 2 1 3 4 0
该测试样本的真实类标为0.0
基于欧式距离排序： 5 2 4 0 1 3
该测试样本的真实类标为5.0
基于欧式距离排序： 5 2 0 4 1 3
该测试样本的真实类标为2.0
基于欧式距离排序： 5 0 4 1 3 2
该测试样本的真实类标为1.0
基于欧式距离排序： 5 0 2 4 1 3
该测试样本的真实类标为2.0
基于欧式距离排序： 5 0 4 1 3 2
该测试样本的真实类标为4.0
基于欧式距离排序： 5 0 2 1 3 4
该测试样本的真实类标为5.0
基于欧式距离排序： 4 2 1 3 0 5
该测试样本的真实类标为4.0
基于欧式距离排序： 5 0 2 1 3 4
该测试样本的真实类标为0.0
基于欧式距离排序： 5 0 2 1 4 3
该测试样本的真实类标为4.0
基于欧式距离排序： 5 0 2 1 3 4
该测试样本的真实类标为1.0
基于欧式距离排序： 5 0 2 4 1 3
该测试样本的真实类标为0.0
基于欧式距离排序： 5 2 0 1 4 3
该测试样本的真实类标为2.0
基于欧式距离排序： 5 0 4 1 3 2
该测试样本的真实类标为4.0
基于欧式距离排序： 5 0 2 1 3 4
该测试样本的真实类标为2.0
基于欧式距离排序： 5 0 4 1 3 2
该测试样本的真实类标为2.0
基于欧式距离排序： 5 0 4 1 3 2
该测试样本的真实类标为1.0
基于欧式距离排序： 5 0 2 4 1 3
该测试样本的真实类标为3.0
基于欧式距离排序： 5 0 2 4 1 3
该测试样本的真实类标为1.0
基于欧式距离排序： 5 0 2 4 1 3
该测试样本的真实类标为5.0
基于欧式距离排序： 0 4 2 3 1 5
该测试样本的真实类标为2.0
基于欧式距离排序： 5 0 4 1 3 2
该测试样本的真实类标为3.0
基于欧式距离排序： 5 0 4 2 1 3
该测试样本的真实类标为0.0
基于欧式距离排序： 5 2 4 3 1 0
该测试样本的真实类标为0.0
基于欧式距离排序： 5 2 4 1 3 0
该测试样本的真实类标为0.0
基于欧式距离排序： 5 0 2 1 4 3
该测试样本的真实类标为0.0
基于欧式距离排序： 5 2 4 1 3 0
该测试样本的真实类标为2.0
基于欧式距离排序： 5 0 4 1 3 2
该测试样本的真实类标为1.0
基于欧式距离排序： 5 0 2 4 3 1
该测试样本的真实类标为1.0
基于欧式距离排序： 5 0 2 4 1 3
该测试样本的真实类标为1.0
基于欧式距离排序： 5 0 2 4 1 3
该测试样本的真实类标为4.0
基于欧式距离排序： 5 0 2 1 3 4
该测试样本的真实类标为4.0
基于欧式距离排序： 5 0 2 1 3 4
该测试样本的真实类标为3.0
基于欧式距离排序： 5 0 2 4 1 3
该测试样本的真实类标为3.0
基于欧式距离排序： 5 0 2 4 1 3
该测试样本的真实类标为4.0
基于欧式距离排序： 5 0 2 1 3 4
该测试样本的真实类标为0.0
基于欧式距离排序： 5 2 0 1 4 3
该测试样本的真实类标为0.0
基于欧式距离排序： 5 2 3 1 4 0
该测试样本的真实类标为0.0
基于欧式距离排序： 5 2 0 1 4 3
该测试样本的真实类标为0.0
基于欧式距离排序： 5 2 0 1 4 3
该测试样本的真实类标为2.0
基于欧式距离排序： 5 0 4 1 3 2
该测试样本的真实类标为2.0
基于欧式距离排序： 5 0 4 1 3 2
该测试样本的真实类标为3.0
基于欧式距离排序： 5 0 2 4 1 3
该测试样本的真实类标为3.0
基于欧式距离排序： 5 0 2 4 1 3
该测试样本的真实类标为1.0
基于欧式距离排序： 5 0 2 4 1 3
该测试样本的真实类标为2.0
基于欧式距离排序： 5 0 4 1 3 2
该测试样本的真实类标为0.0
基于欧式距离排序： 5 2 1 0 4 3
该测试样本的真实类标为2.0
基于欧式距离排序： 5 0 4 1 3 2
该测试样本的真实类标为3.0
基于欧式距离排序： 5 0 2 4 1 3
该测试样本的真实类标为0.0
基于欧式距离排序： 5 2 1 3 4 0
该测试样本的真实类标为0.0
基于欧式距离排序： 5 2 0 1 4 3
该测试样本的真实类标为3.0
基于欧式距离排序： 5 0 2 4 1 3
该测试样本的真实类标为0.0
基于欧式距离排序： 5 2 0 1 4 3
该测试样本的真实类标为2.0
基于欧式距离排序： 5 0 1 4 3 2
该测试样本的真实类标为0.0
基于欧式距离排序： 5 2 1 4 3 0
该测试样本的真实类标为0.0
基于欧式距离排序： 5 2 1 4 3 0
正确率(2)：0.06944444444444445正确率(3)：0.1527777777777778正确率(4)：0.18055555555555555