该测试样本的真实类标为0.0
基于欧式距离排序： 1 3 4 2 5 0 6
该测试样本的真实类标为3.0
基于欧式距离排序： 1 2 6 0 5 3 4
该测试样本的真实类标为2.0
基于欧式距离排序： 1 3 4 5 0 2 6
该测试样本的真实类标为4.0
基于欧式距离排序： 1 3 5 2 4 0 6
该测试样本的真实类标为6.0
基于欧式距离排序： 1 3 4 2 5 0 6
该测试样本的真实类标为6.0
基于欧式距离排序： 1 3 4 2 0 5 6
该测试样本的真实类标为6.0
基于欧式距离排序： 1 3 2 5 0 6 4
该测试样本的真实类标为4.0
基于欧式距离排序： 1 3 4 5 0 2 6
该测试样本的真实类标为5.0
基于欧式距离排序： 4 1 2 6 3 0 5
该测试样本的真实类标为2.0
基于欧式距离排序： 1 3 4 5 0 2 6
该测试样本的真实类标为2.0
基于欧式距离排序： 1 2 3 6 5 0 4
该测试样本的真实类标为6.0
基于欧式距离排序： 1 3 4 0 2 5 6
该测试样本的真实类标为2.0
基于欧式距离排序： 1 3 5 2 0 4 6
该测试样本的真实类标为3.0
基于欧式距离排序： 4 2 6 0 3 5 1
该测试样本的真实类标为6.0
基于欧式距离排序： 1 3 2 5 0 4 6
该测试样本的真实类标为0.0
基于欧式距离排序： 1 2 3 6 4 0 5
该测试样本的真实类标为1.0
基于欧式距离排序： 4 2 6 0 5 3 1
该测试样本的真实类标为0.0
基于欧式距离排序： 1 3 4 5 0 2 6
该测试样本的真实类标为6.0
基于欧式距离排序： 1 3 5 2 0 4 6
该测试样本的真实类标为0.0
基于欧式距离排序： 1 3 2 5 0 6 4
该测试样本的真实类标为0.0
基于欧式距离排序： 2 1 6 4 0 3 5
该测试样本的真实类标为0.0
基于欧式距离排序： 1 3 4 5 2 0 6
该测试样本的真实类标为4.0
基于欧式距离排序： 1 2 6 3 0 5 4
该测试样本的真实类标为0.0
基于欧式距离排序： 1 2 3 4 6 0 5
该测试样本的真实类标为3.0
基于欧式距离排序： 2 6 0 5 1 4 3
该测试样本的真实类标为0.0
基于欧式距离排序： 1 3 4 5 2 0 6
该测试样本的真实类标为1.0
基于欧式距离排序： 2 6 4 0 5 3 1
该测试样本的真实类标为3.0
基于欧式距离排序： 1 2 6 0 4 3 5
该测试样本的真实类标为2.0
基于欧式距离排序： 1 4 3 2 6 0 5
该测试样本的真实类标为5.0
基于欧式距离排序： 1 3 4 2 0 6 5
该测试样本的真实类标为4.0
基于欧式距离排序： 1 2 5 3 6 0 4
该测试样本的真实类标为4.0
基于欧式距离排序： 1 2 6 5 0 3 4
该测试样本的真实类标为5.0
基于欧式距离排序： 1 2 4 3 6 0 5
该测试样本的真实类标为1.0
基于欧式距离排序： 2 6 4 0 5 3 1
该测试样本的真实类标为3.0
基于欧式距离排序： 6 2 4 0 5 3 1
该测试样本的真实类标为5.0
基于欧式距离排序： 1 4 2 3 6 0 5
该测试样本的真实类标为0.0
基于欧式距离排序： 2 6 1 4 0 5 3
该测试样本的真实类标为1.0
基于欧式距离排序： 2 6 4 0 5 3 1
该测试样本的真实类标为6.0
基于欧式距离排序： 1 3 2 5 0 6 4
该测试样本的真实类标为3.0
基于欧式距离排序： 4 2 6 0 3 5 1
该测试样本的真实类标为0.0
基于欧式距离排序： 1 3 4 5 0 2 6
该测试样本的真实类标为2.0
基于欧式距离排序： 1 3 4 5 0 2 6
该测试样本的真实类标为3.0
基于欧式距离排序： 6 4 2 0 5 3 1
该测试样本的真实类标为5.0
基于欧式距离排序： 4 1 2 3 6 0 5
该测试样本的真实类标为2.0
基于欧式距离排序： 1 3 5 2 0 4 6
该测试样本的真实类标为4.0
基于欧式距离排序： 1 2 6 3 4 0 5
该测试样本的真实类标为2.0
基于欧式距离排序： 1 3 4 2 0 6 5
该测试样本的真实类标为4.0
基于欧式距离排序： 1 3 5 2 0 6 4
该测试样本的真实类标为6.0
基于欧式距离排序： 1 3 2 5 0 4 6
该测试样本的真实类标为1.0
基于欧式距离排序： 2 6 4 0 5 3 1
该测试样本的真实类标为2.0
基于欧式距离排序： 1 3 4 5 2 0 6
该测试样本的真实类标为3.0
基于欧式距离排序： 2 6 0 4 1 5 3
该测试样本的真实类标为1.0
基于欧式距离排序： 2 6 0 4 5 3 1
该测试样本的真实类标为3.0
基于欧式距离排序： 2 6 1 4 0 5 3
该测试样本的真实类标为2.0
基于欧式距离排序： 1 3 4 5 2 0 6
该测试样本的真实类标为6.0
基于欧式距离排序： 1 3 4 2 0 5 6
该测试样本的真实类标为1.0
基于欧式距离排序： 2 6 4 0 5 3 1
该测试样本的真实类标为4.0
基于欧式距离排序： 4 1 2 3 6 0 5
该测试样本的真实类标为5.0
基于欧式距离排序： 1 2 4 6 0 3 5
该测试样本的真实类标为3.0
基于欧式距离排序： 2 6 0 4 5 1 3
该测试样本的真实类标为0.0
基于欧式距离排序： 1 3 4 2 5 0 6
该测试样本的真实类标为6.0
基于欧式距离排序： 1 3 4 0 2 5 6
该测试样本的真实类标为4.0
基于欧式距离排序： 1 2 6 0 5 3 4
该测试样本的真实类标为5.0
基于欧式距离排序： 1 2 4 3 6 0 5
该测试样本的真实类标为2.0
基于欧式距离排序： 1 3 4 5 0 2 6
该测试样本的真实类标为2.0
基于欧式距离排序： 1 3 6 2 0 5 4
该测试样本的真实类标为0.0
基于欧式距离排序： 4 2 6 0 1 3 5
该测试样本的真实类标为2.0
基于欧式距离排序： 1 3 4 5 0 2 6
该测试样本的真实类标为2.0
基于欧式距离排序： 1 3 4 2 5 0 6
该测试样本的真实类标为5.0
基于欧式距离排序： 1 4 2 3 6 0 5
该测试样本的真实类标为1.0
基于欧式距离排序： 2 6 4 0 5 3 1
该测试样本的真实类标为6.0
基于欧式距离排序： 1 3 4 2 0 5 6
该测试样本的真实类标为2.0
基于欧式距离排序： 1 3 4 5 0 2 6
该测试样本的真实类标为2.0
基于欧式距离排序： 1 4 2 6 3 0 5
该测试样本的真实类标为0.0
基于欧式距离排序： 1 2 6 4 0 3 5
该测试样本的真实类标为1.0
基于欧式距离排序： 2 6 4 0 5 3 1
该测试样本的真实类标为5.0
基于欧式距离排序： 1 4 3 2 0 6 5
该测试样本的真实类标为6.0
基于欧式距离排序： 1 3 4 2 0 5 6
该测试样本的真实类标为3.0
基于欧式距离排序： 4 2 1 6 0 3 5
该测试样本的真实类标为3.0
基于欧式距离排序： 2 6 1 0 5 4 3
该测试样本的真实类标为4.0
基于欧式距离排序： 1 3 4 0 2 5 6
该测试样本的真实类标为5.0
基于欧式距离排序： 1 2 6 3 0 4 5
该测试样本的真实类标为1.0
基于欧式距离排序： 2 6 4 0 5 3 1
该测试样本的真实类标为0.0
基于欧式距离排序： 1 2 3 4 6 0 5
该测试样本的真实类标为3.0
基于欧式距离排序： 1 2 6 0 5 4 3
该测试样本的真实类标为3.0
基于欧式距离排序： 2 6 0 4 1 5 3
该测试样本的真实类标为4.0
基于欧式距离排序： 1 3 5 2 0 6 4
该测试样本的真实类标为1.0
基于欧式距离排序： 2 4 6 0 5 3 1
该测试样本的真实类标为6.0
基于欧式距离排序： 1 3 4 2 0 5 6
该测试样本的真实类标为3.0
基于欧式距离排序： 2 6 4 0 5 1 3
该测试样本的真实类标为1.0
基于欧式距离排序： 2 6 4 0 5 3 1
该测试样本的真实类标为5.0
基于欧式距离排序： 1 2 4 6 0 3 5
该测试样本的真实类标为1.0
基于欧式距离排序： 2 6 4 0 5 3 1
该测试样本的真实类标为1.0
基于欧式距离排序： 2 4 6 0 5 3 1
该测试样本的真实类标为6.0
基于欧式距离排序： 1 3 2 5 0 4 6
该测试样本的真实类标为4.0
基于欧式距离排序： 1 3 5 2 0 6 4
该测试样本的真实类标为0.0
基于欧式距离排序： 1 3 2 5 0 6 4
该测试样本的真实类标为3.0
基于欧式距离排序： 1 3 2 5 0 6 4
该测试样本的真实类标为2.0
基于欧式距离排序： 1 3 4 5 0 2 6
该测试样本的真实类标为6.0
基于欧式距离排序： 1 3 4 5 0 2 6
该测试样本的真实类标为1.0
基于欧式距离排序： 2 6 4 0 5 3 1
该测试样本的真实类标为5.0
基于欧式距离排序： 1 2 3 6 0 5 4
该测试样本的真实类标为5.0
基于欧式距离排序： 4 1 2 6 3 0 5
该测试样本的真实类标为2.0
基于欧式距离排序： 1 4 3 6 0 5 2
该测试样本的真实类标为4.0
基于欧式距离排序： 1 2 6 0 5 3 4
该测试样本的真实类标为2.0
基于欧式距离排序： 1 3 5 2 0 4 6
该测试样本的真实类标为1.0
基于欧式距离排序： 4 2 6 0 5 3 1
该测试样本的真实类标为3.0
基于欧式距离排序： 2 6 4 0 1 3 5
该测试样本的真实类标为0.0
基于欧式距离排序： 1 2 6 3 0 4 5
该测试样本的真实类标为4.0
基于欧式距离排序： 1 2 5 3 6 0 4
该测试样本的真实类标为3.0
基于欧式距离排序： 4 2 6 0 3 1 5
该测试样本的真实类标为0.0
基于欧式距离排序： 1 2 6 4 0 3 5
该测试样本的真实类标为1.0
基于欧式距离排序： 2 6 4 0 5 3 1
该测试样本的真实类标为0.0
基于欧式距离排序： 1 4 3 2 6 0 5
该测试样本的真实类标为4.0
基于欧式距离排序： 1 3 5 2 0 6 4
该测试样本的真实类标为5.0
基于欧式距离排序： 1 2 6 0 3 4 5
该测试样本的真实类标为3.0
基于欧式距离排序： 1 4 3 2 0 6 5
该测试样本的真实类标为1.0
基于欧式距离排序： 4 2 6 0 5 3 1
该测试样本的真实类标为0.0
基于欧式距离排序： 2 6 4 0 1 3 5
该测试样本的真实类标为4.0
基于欧式距离排序： 1 2 6 5 0 3 4
该测试样本的真实类标为3.0
基于欧式距离排序： 1 2 6 0 3 5 4
该测试样本的真实类标为0.0
基于欧式距离排序： 1 3 2 5 0 4 6
该测试样本的真实类标为3.0
基于欧式距离排序： 2 6 0 5 4 1 3
该测试样本的真实类标为1.0
基于欧式距离排序： 2 6 4 0 5 3 1
该测试样本的真实类标为4.0
基于欧式距离排序： 1 3 4 2 5 0 6
该测试样本的真实类标为1.0
基于欧式距离排序： 4 2 6 0 5 3 1
该测试样本的真实类标为0.0
基于欧式距离排序： 2 1 6 0 5 4 3
该测试样本的真实类标为1.0
基于欧式距离排序： 2 6 4 0 5 3 1
该测试样本的真实类标为0.0
基于欧式距离排序： 1 2 6 3 0 5 4
该测试样本的真实类标为0.0
基于欧式距离排序： 2 6 1 4 0 3 5
该测试样本的真实类标为5.0
基于欧式距离排序： 1 2 4 6 0 3 5
该测试样本的真实类标为2.0
基于欧式距离排序： 1 3 5 2 0 6 4
该测试样本的真实类标为6.0
基于欧式距离排序： 1 3 2 5 0 4 6
该测试样本的真实类标为4.0
基于欧式距离排序： 1 4 2 3 6 0 5
该测试样本的真实类标为2.0
基于欧式距离排序： 1 3 5 2 0 4 6
该测试样本的真实类标为1.0
基于欧式距离排序： 2 6 4 0 5 3 1
该测试样本的真实类标为0.0
基于欧式距离排序： 1 3 2 5 6 0 4
该测试样本的真实类标为1.0
基于欧式距离排序： 2 4 6 0 5 3 1
该测试样本的真实类标为2.0
基于欧式距离排序： 1 3 4 2 0 5 6
该测试样本的真实类标为1.0
基于欧式距离排序： 2 6 4 0 5 3 1
该测试样本的真实类标为0.0
基于欧式距离排序： 1 4 2 6 3 0 5
该测试样本的真实类标为0.0
基于欧式距离排序： 1 3 2 4 5 0 6
该测试样本的真实类标为4.0
基于欧式距离排序： 1 3 5 2 0 6 4
该测试样本的真实类标为2.0
基于欧式距离排序： 1 3 4 2 0 5 6
该测试样本的真实类标为4.0
基于欧式距离排序： 1 3 5 2 0 6 4
该测试样本的真实类标为5.0
基于欧式距离排序： 1 4 2 3 6 0 5
该测试样本的真实类标为5.0
基于欧式距离排序： 1 2 6 3 0 4 5
该测试样本的真实类标为4.0
基于欧式距离排序： 1 3 5 2 0 6 4
该测试样本的真实类标为2.0
基于欧式距离排序： 1 3 2 4 0 6 5
该测试样本的真实类标为1.0
基于欧式距离排序： 2 6 4 0 5 3 1
该测试样本的真实类标为3.0
基于欧式距离排序： 1 2 3 6 0 5 4
该测试样本的真实类标为5.0
基于欧式距离排序： 1 4 2 3 6 0 5
该测试样本的真实类标为1.0
基于欧式距离排序： 2 6 4 0 5 3 1
该测试样本的真实类标为3.0
基于欧式距离排序： 1 2 6 0 5 3 4
该测试样本的真实类标为6.0
基于欧式距离排序： 1 3 2 4 0 5 6
该测试样本的真实类标为2.0
基于欧式距离排序： 1 3 4 5 0 2 6
该测试样本的真实类标为4.0
基于欧式距离排序： 1 2 6 3 0 5 4
该测试样本的真实类标为2.0
基于欧式距离排序： 1 3 4 2 0 5 6
该测试样本的真实类标为5.0
基于欧式距离排序： 1 2 3 4 6 0 5
该测试样本的真实类标为4.0
基于欧式距离排序： 1 2 6 5 0 3 4
该测试样本的真实类标为4.0
基于欧式距离排序： 1 2 6 5 0 3 4
该测试样本的真实类标为5.0
基于欧式距离排序： 1 4 3 2 0 6 5
该测试样本的真实类标为5.0
基于欧式距离排序： 1 4 2 3 6 0 5
该测试样本的真实类标为6.0
基于欧式距离排序： 1 3 2 0 5 4 6
该测试样本的真实类标为0.0
基于欧式距离排序： 1 2 6 0 5 4 3
该测试样本的真实类标为4.0
基于欧式距离排序： 1 3 5 2 0 6 4
该测试样本的真实类标为5.0
基于欧式距离排序： 1 4 3 2 0 6 5
该测试样本的真实类标为1.0
基于欧式距离排序： 2 6 4 0 5 3 1
该测试样本的真实类标为6.0
基于欧式距离排序： 1 3 2 5 0 6 4
该测试样本的真实类标为1.0
基于欧式距离排序： 2 6 4 0 5 3 1
该测试样本的真实类标为2.0
基于欧式距离排序： 1 3 2 5 4 0 6
该测试样本的真实类标为5.0
基于欧式距离排序： 1 2 4 3 6 0 5
该测试样本的真实类标为2.0
基于欧式距离排序： 1 3 2 5 6 0 4
该测试样本的真实类标为4.0
基于欧式距离排序： 1 3 5 2 0 6 4
该测试样本的真实类标为3.0
基于欧式距离排序： 2 6 1 4 0 5 3
该测试样本的真实类标为5.0
基于欧式距离排序： 1 4 3 2 0 6 5
该测试样本的真实类标为1.0
基于欧式距离排序： 2 6 4 0 5 3 1
该测试样本的真实类标为3.0
基于欧式距离排序： 2 6 4 0 5 3 1
该测试样本的真实类标为3.0
基于欧式距离排序： 2 6 1 0 5 4 3
该测试样本的真实类标为0.0
基于欧式距离排序： 1 4 3 2 0 6 5
该测试样本的真实类标为2.0
基于欧式距离排序： 1 3 6 5 2 0 4
该测试样本的真实类标为6.0
基于欧式距离排序： 1 3 2 5 0 6 4
该测试样本的真实类标为1.0
基于欧式距离排序： 4 2 6 0 5 3 1
该测试样本的真实类标为2.0
基于欧式距离排序： 1 2 5 3 6 0 4
该测试样本的真实类标为5.0
基于欧式距离排序： 1 4 3 2 0 6 5
该测试样本的真实类标为6.0
基于欧式距离排序： 1 3 2 5 0 4 6
该测试样本的真实类标为3.0
基于欧式距离排序： 2 6 4 0 5 3 1
该测试样本的真实类标为4.0
基于欧式距离排序： 1 2 5 3 6 0 4
该测试样本的真实类标为6.0
基于欧式距离排序： 1 3 2 5 0 4 6
该测试样本的真实类标为4.0
基于欧式距离排序： 1 2 3 5 6 0 4
该测试样本的真实类标为6.0
基于欧式距离排序： 1 3 5 2 0 4 6
该测试样本的真实类标为3.0
基于欧式距离排序： 1 2 6 0 5 3 4
该测试样本的真实类标为3.0
基于欧式距离排序： 2 4 6 0 3 5 1
该测试样本的真实类标为6.0
基于欧式距离排序： 1 3 2 5 0 6 4
该测试样本的真实类标为4.0
基于欧式距离排序： 1 2 6 5 0 3 4
该测试样本的真实类标为4.0
基于欧式距离排序： 1 3 5 2 0 6 4
该测试样本的真实类标为1.0
基于欧式距离排序： 2 6 4 0 5 3 1
该测试样本的真实类标为5.0
基于欧式距离排序： 4 1 2 3 6 0 5
该测试样本的真实类标为3.0
基于欧式距离排序： 4 2 6 0 5 3 1
该测试样本的真实类标为1.0
基于欧式距离排序： 2 6 4 0 5 3 1
该测试样本的真实类标为0.0
基于欧式距离排序： 1 2 3 4 6 0 5
该测试样本的真实类标为5.0
基于欧式距离排序： 1 4 2 6 0 3 5
该测试样本的真实类标为4.0
基于欧式距离排序： 1 2 6 3 0 4 5
该测试样本的真实类标为5.0
基于欧式距离排序： 1 2 6 0 3 5 4
该测试样本的真实类标为1.0
基于欧式距离排序： 4 2 6 0 5 3 1
该测试样本的真实类标为2.0
基于欧式距离排序： 1 3 5 2 0 6 4
该测试样本的真实类标为4.0
基于欧式距离排序： 1 2 6 5 0 3 4
该测试样本的真实类标为2.0
基于欧式距离排序： 1 3 4 0 5 2 6
该测试样本的真实类标为5.0
基于欧式距离排序： 1 2 6 3 0 4 5
该测试样本的真实类标为4.0
基于欧式距离排序： 1 2 6 5 0 3 4
该测试样本的真实类标为3.0
基于欧式距离排序： 2 6 4 0 5 3 1
该测试样本的真实类标为4.0
基于欧式距离排序： 1 2 6 5 0 3 4
该测试样本的真实类标为5.0
基于欧式距离排序： 1 2 6 3 4 0 5
该测试样本的真实类标为2.0
基于欧式距离排序： 1 3 4 2 0 5 6
该测试样本的真实类标为6.0
基于欧式距离排序： 1 3 2 5 0 6 4
该测试样本的真实类标为3.0
基于欧式距离排序： 4 2 1 6 0 3 5
该测试样本的真实类标为1.0
基于欧式距离排序： 2 6 0 4 5 3 1
该测试样本的真实类标为0.0
基于欧式距离排序： 1 2 4 3 6 0 5
该测试样本的真实类标为6.0
基于欧式距离排序： 1 3 2 5 0 4 6
该测试样本的真实类标为2.0
基于欧式距离排序： 1 6 2 0 5 3 4
该测试样本的真实类标为5.0
基于欧式距离排序： 1 2 6 3 0 4 5
该测试样本的真实类标为2.0
基于欧式距离排序： 1 3 5 2 4 0 6
该测试样本的真实类标为2.0
基于欧式距离排序： 1 3 4 2 0 5 6
该测试样本的真实类标为3.0
基于欧式距离排序： 2 6 4 0 5 3 1
该测试样本的真实类标为0.0
基于欧式距离排序： 1 3 4 2 5 0 6
该测试样本的真实类标为0.0
基于欧式距离排序： 1 3 2 5 0 6 4
该测试样本的真实类标为6.0
基于欧式距离排序： 1 3 2 4 0 5 6
该测试样本的真实类标为5.0
基于欧式距离排序： 4 1 2 3 6 0 5
该测试样本的真实类标为0.0
基于欧式距离排序： 1 3 2 5 6 0 4
该测试样本的真实类标为2.0
基于欧式距离排序： 1 3 4 5 0 2 6
该测试样本的真实类标为6.0
基于欧式距离排序： 1 3 2 4 0 5 6
该测试样本的真实类标为1.0
基于欧式距离排序： 2 6 4 0 5 3 1
该测试样本的真实类标为3.0
基于欧式距离排序： 4 6 2 0 5 3 1
该测试样本的真实类标为6.0
基于欧式距离排序： 1 3 2 5 0 4 6
该测试样本的真实类标为3.0
基于欧式距离排序： 2 6 0 5 1 4 3
该测试样本的真实类标为5.0
基于欧式距离排序： 1 2 4 6 3 0 5
该测试样本的真实类标为0.0
基于欧式距离排序： 1 2 6 3 0 5 4
该测试样本的真实类标为0.0
基于欧式距离排序： 1 3 2 4 0 6 5
该测试样本的真实类标为0.0
基于欧式距离排序： 1 3 2 5 4 0 6
该测试样本的真实类标为5.0
基于欧式距离排序： 1 4 3 2 0 6 5
该测试样本的真实类标为1.0
基于欧式距离排序： 2 6 4 0 5 3 1
该测试样本的真实类标为5.0
基于欧式距离排序： 1 2 6 4 3 0 5
该测试样本的真实类标为0.0
基于欧式距离排序： 1 2 6 0 5 3 4
该测试样本的真实类标为2.0
基于欧式距离排序： 1 3 4 2 6 0 5
该测试样本的真实类标为4.0
基于欧式距离排序： 1 3 4 5 0 2 6
该测试样本的真实类标为0.0
基于欧式距离排序： 1 4 3 2 0 6 5
该测试样本的真实类标为2.0
基于欧式距离排序： 1 2 3 5 6 0 4
该测试样本的真实类标为3.0
基于欧式距离排序： 2 6 1 0 5 4 3
该测试样本的真实类标为3.0
基于欧式距离排序： 2 6 1 0 4 5 3
该测试样本的真实类标为1.0
基于欧式距离排序： 2 6 4 0 5 3 1
该测试样本的真实类标为2.0
基于欧式距离排序： 1 2 6 5 3 0 4
该测试样本的真实类标为2.0
基于欧式距离排序： 1 3 4 0 5 2 6
该测试样本的真实类标为1.0
基于欧式距离排序： 2 6 4 0 5 3 1
该测试样本的真实类标为3.0
基于欧式距离排序： 4 2 6 1 0 3 5
该测试样本的真实类标为2.0
基于欧式距离排序： 1 3 4 0 5 2 6
该测试样本的真实类标为1.0
基于欧式距离排序： 2 6 4 0 5 3 1
该测试样本的真实类标为5.0
基于欧式距离排序： 1 2 4 6 0 3 5
该测试样本的真实类标为6.0
基于欧式距离排序： 1 3 4 2 0 5 6
该测试样本的真实类标为6.0
基于欧式距离排序： 1 3 2 5 0 6 4
该测试样本的真实类标为0.0
基于欧式距离排序： 1 3 2 5 0 6 4
该测试样本的真实类标为6.0
基于欧式距离排序： 1 3 2 5 0 4 6
该测试样本的真实类标为6.0
基于欧式距离排序： 1 3 2 4 0 5 6
该测试样本的真实类标为5.0
基于欧式距离排序： 1 2 3 4 6 0 5
该测试样本的真实类标为1.0
基于欧式距离排序： 2 6 4 0 5 3 1
该测试样本的真实类标为4.0
基于欧式距离排序： 1 2 6 3 0 4 5
该测试样本的真实类标为3.0
基于欧式距离排序： 2 4 6 0 1 3 5
该测试样本的真实类标为5.0
基于欧式距离排序： 4 1 2 3 6 0 5
该测试样本的真实类标为6.0
基于欧式距离排序： 1 3 4 2 0 5 6
该测试样本的真实类标为6.0
基于欧式距离排序： 1 3 4 0 5 2 6
该测试样本的真实类标为1.0
基于欧式距离排序： 2 4 6 0 5 3 1
该测试样本的真实类标为0.0
基于欧式距离排序： 1 3 2 5 0 6 4
该测试样本的真实类标为5.0
基于欧式距离排序： 1 2 6 4 3 0 5
该测试样本的真实类标为6.0
基于欧式距离排序： 1 3 4 0 2 5 6
该测试样本的真实类标为0.0
基于欧式距离排序： 1 2 6 0 5 3 4
该测试样本的真实类标为5.0
基于欧式距离排序： 1 2 6 3 0 4 5
该测试样本的真实类标为5.0
基于欧式距离排序： 1 2 6 4 3 0 5
该测试样本的真实类标为1.0
基于欧式距离排序： 2 6 4 0 5 3 1
该测试样本的真实类标为1.0
基于欧式距离排序： 2 6 4 0 5 3 1
该测试样本的真实类标为0.0
基于欧式距离排序： 1 3 2 5 0 6 4
该测试样本的真实类标为0.0
基于欧式距离排序： 2 6 4 1 0 5 3
该测试样本的真实类标为1.0
基于欧式距离排序： 2 6 4 0 5 3 1
该测试样本的真实类标为2.0
基于欧式距离排序： 1 3 5 2 0 4 6
该测试样本的真实类标为3.0
基于欧式距离排序： 1 2 6 0 5 3 4
该测试样本的真实类标为1.0
基于欧式距离排序： 2 6 4 0 5 3 1
该测试样本的真实类标为5.0
基于欧式距离排序： 4 1 2 3 6 0 5
该测试样本的真实类标为4.0
基于欧式距离排序： 1 3 4 2 5 0 6
该测试样本的真实类标为3.0
基于欧式距离排序： 1 2 6 0 5 3 4
该测试样本的真实类标为1.0
基于欧式距离排序： 2 6 4 0 5 3 1
该测试样本的真实类标为1.0
基于欧式距离排序： 2 6 4 0 5 3 1
该测试样本的真实类标为4.0
基于欧式距离排序： 1 3 2 5 0 6 4
该测试样本的真实类标为5.0
基于欧式距离排序： 1 2 4 6 0 3 5
该测试样本的真实类标为3.0
基于欧式距离排序： 6 4 2 0 5 3 1
该测试样本的真实类标为5.0
基于欧式距离排序： 1 2 6 0 4 3 5
该测试样本的真实类标为0.0
基于欧式距离排序： 2 6 4 0 1 5 3
该测试样本的真实类标为1.0
基于欧式距离排序： 2 6 4 0 5 3 1
该测试样本的真实类标为5.0
基于欧式距离排序： 1 2 4 6 3 0 5
该测试样本的真实类标为1.0
基于欧式距离排序： 6 2 0 4 5 3 1
该测试样本的真实类标为5.0
基于欧式距离排序： 1 3 4 2 0 6 5
该测试样本的真实类标为6.0
基于欧式距离排序： 1 3 5 2 0 4 6
该测试样本的真实类标为4.0
基于欧式距离排序： 1 2 6 5 0 3 4
该测试样本的真实类标为2.0
基于欧式距离排序： 1 3 5 2 0 6 4
该测试样本的真实类标为1.0
基于欧式距离排序： 2 6 4 0 5 3 1
该测试样本的真实类标为5.0
基于欧式距离排序： 1 2 6 3 0 4 5
该测试样本的真实类标为6.0
基于欧式距离排序： 1 3 4 2 0 5 6
该测试样本的真实类标为3.0
基于欧式距离排序： 6 2 4 0 5 3 1
该测试样本的真实类标为4.0
基于欧式距离排序： 1 3 5 2 0 6 4
该测试样本的真实类标为4.0
基于欧式距离排序： 1 3 5 2 0 6 4
该测试样本的真实类标为6.0
基于欧式距离排序： 1 3 4 0 2 5 6
该测试样本的真实类标为6.0
基于欧式距离排序： 1 2 3 5 0 6 4
该测试样本的真实类标为6.0
基于欧式距离排序： 1 3 2 5 0 4 6
该测试样本的真实类标为6.0
基于欧式距离排序： 1 3 5 4 2 0 6
该测试样本的真实类标为5.0
基于欧式距离排序： 1 2 6 0 3 4 5
该测试样本的真实类标为6.0
基于欧式距离排序： 1 3 2 4 0 5 6
该测试样本的真实类标为0.0
基于欧式距离排序： 1 2 6 4 0 3 5
该测试样本的真实类标为0.0
基于欧式距离排序： 1 3 4 2 5 0 6
该测试样本的真实类标为0.0
基于欧式距离排序： 1 4 3 2 6 0 5
该测试样本的真实类标为4.0
基于欧式距离排序： 1 3 4 5 0 2 6
该测试样本的真实类标为4.0
基于欧式距离排序： 1 3 4 5 0 2 6
该测试样本的真实类标为2.0
基于欧式距离排序： 1 3 4 2 5 0 6
该测试样本的真实类标为5.0
基于欧式距离排序： 1 2 6 0 4 3 5
该测试样本的真实类标为1.0
基于欧式距离排序： 2 6 4 0 5 3 1
该测试样本的真实类标为4.0
基于欧式距离排序： 1 3 5 2 0 6 4
该测试样本的真实类标为5.0
基于欧式距离排序： 1 4 2 6 0 3 5
该测试样本的真实类标为3.0
基于欧式距离排序： 2 6 4 0 5 3 1
该测试样本的真实类标为0.0
基于欧式距离排序： 1 3 2 5 0 6 4
该测试样本的真实类标为6.0
基于欧式距离排序： 1 3 2 5 0 4 6
该测试样本的真实类标为2.0
基于欧式距离排序： 1 3 2 5 6 0 4
该测试样本的真实类标为5.0
基于欧式距离排序： 1 4 2 3 6 0 5
该测试样本的真实类标为2.0
基于欧式距离排序： 1 3 2 5 0 6 4
该测试样本的真实类标为4.0
基于欧式距离排序： 1 3 5 2 0 6 4
该测试样本的真实类标为2.0
基于欧式距离排序： 1 3 2 5 0 6 4
该测试样本的真实类标为2.0
基于欧式距离排序： 1 3 4 2 0 5 6
该测试样本的真实类标为3.0
基于欧式距离排序： 1 2 6 3 0 5 4
该测试样本的真实类标为1.0
基于欧式距离排序： 2 6 4 0 5 3 1
该测试样本的真实类标为6.0
基于欧式距离排序： 1 3 2 4 0 5 6
该测试样本的真实类标为2.0
基于欧式距离排序： 1 3 4 2 5 0 6
该测试样本的真实类标为2.0
基于欧式距离排序： 1 4 3 2 6 0 5
该测试样本的真实类标为2.0
基于欧式距离排序： 1 3 4 2 5 0 6
该测试样本的真实类标为3.0
基于欧式距离排序： 1 2 3 4 6 0 5
该测试样本的真实类标为4.0
基于欧式距离排序： 1 2 6 5 0 3 4
该测试样本的真实类标为1.0
基于欧式距离排序： 4 2 6 0 5 3 1
该测试样本的真实类标为5.0
基于欧式距离排序： 1 2 4 6 0 3 5
该测试样本的真实类标为2.0
基于欧式距离排序： 1 3 4 5 0 2 6
该测试样本的真实类标为6.0
基于欧式距离排序： 1 3 4 2 5 0 6
该测试样本的真实类标为2.0
基于欧式距离排序： 4 2 6 0 3 5 1
该测试样本的真实类标为3.0
基于欧式距离排序： 1 2 6 3 0 5 4
该测试样本的真实类标为6.0
基于欧式距离排序： 1 3 4 2 0 5 6
该测试样本的真实类标为2.0
基于欧式距离排序： 1 3 4 0 5 2 6
该测试样本的真实类标为1.0
基于欧式距离排序： 2 6 0 4 5 3 1
该测试样本的真实类标为6.0
基于欧式距离排序： 1 3 4 2 5 0 6
该测试样本的真实类标为3.0
基于欧式距离排序： 2 1 6 0 5 4 3
该测试样本的真实类标为1.0
基于欧式距离排序： 2 6 4 0 5 3 1
该测试样本的真实类标为4.0
基于欧式距离排序： 1 3 5 2 0 6 4
该测试样本的真实类标为4.0
基于欧式距离排序： 1 3 5 2 0 4 6
该测试样本的真实类标为6.0
基于欧式距离排序： 1 3 4 5 2 0 6
该测试样本的真实类标为6.0
基于欧式距离排序： 1 3 2 5 0 4 6
该测试样本的真实类标为1.0
基于欧式距离排序： 2 6 4 0 5 3 1
该测试样本的真实类标为6.0
基于欧式距离排序： 1 3 4 2 0 5 6
该测试样本的真实类标为0.0
基于欧式距离排序： 1 4 3 2 0 6 5
该测试样本的真实类标为4.0
基于欧式距离排序： 1 2 3 4 6 0 5
该测试样本的真实类标为6.0
基于欧式距离排序： 1 4 3 2 0 5 6
该测试样本的真实类标为2.0
基于欧式距离排序： 1 3 4 5 0 2 6
该测试样本的真实类标为0.0
基于欧式距离排序： 1 3 2 5 0 6 4
该测试样本的真实类标为6.0
基于欧式距离排序： 1 3 4 0 2 5 6
该测试样本的真实类标为0.0
基于欧式距离排序： 1 2 6 3 0 4 5
该测试样本的真实类标为2.0
基于欧式距离排序： 1 2 5 3 6 0 4
该测试样本的真实类标为4.0
基于欧式距离排序： 1 2 6 5 0 3 4
该测试样本的真实类标为4.0
基于欧式距离排序： 1 2 5 6 3 0 4
该测试样本的真实类标为5.0
基于欧式距离排序： 1 2 3 4 6 0 5
该测试样本的真实类标为3.0
基于欧式距离排序： 1 3 4 2 0 6 5
该测试样本的真实类标为6.0
基于欧式距离排序： 1 3 4 2 0 5 6
该测试样本的真实类标为6.0
基于欧式距离排序： 1 3 2 4 5 0 6
该测试样本的真实类标为2.0
基于欧式距离排序： 1 3 4 5 2 0 6
该测试样本的真实类标为4.0
基于欧式距离排序： 1 2 6 3 5 0 4
该测试样本的真实类标为1.0
基于欧式距离排序： 2 6 4 0 5 3 1
该测试样本的真实类标为3.0
基于欧式距离排序： 2 6 4 0 5 3 1
该测试样本的真实类标为5.0
基于欧式距离排序： 1 4 2 3 6 0 5
该测试样本的真实类标为0.0
基于欧式距离排序： 1 3 2 5 4 0 6
该测试样本的真实类标为6.0
基于欧式距离排序： 1 3 4 5 2 0 6
该测试样本的真实类标为0.0
基于欧式距离排序： 1 4 3 2 0 6 5
该测试样本的真实类标为5.0
基于欧式距离排序： 1 2 4 3 6 0 5
该测试样本的真实类标为0.0
基于欧式距离排序： 4 1 2 6 3 0 5
该测试样本的真实类标为3.0
基于欧式距离排序： 6 2 4 0 5 3 1
该测试样本的真实类标为4.0
基于欧式距离排序： 1 2 6 5 0 3 4
该测试样本的真实类标为3.0
基于欧式距离排序： 4 2 6 0 1 3 5
该测试样本的真实类标为5.0
基于欧式距离排序： 1 2 6 3 0 4 5
该测试样本的真实类标为4.0
基于欧式距离排序： 1 2 6 5 3 0 4
该测试样本的真实类标为2.0
基于欧式距离排序： 1 3 5 2 0 4 6
该测试样本的真实类标为4.0
基于欧式距离排序： 1 3 5 2 0 6 4
该测试样本的真实类标为3.0
基于欧式距离排序： 1 4 2 6 0 3 5
该测试样本的真实类标为6.0
基于欧式距离排序： 1 3 2 5 0 4 6
该测试样本的真实类标为0.0
基于欧式距离排序： 2 6 1 4 0 5 3
该测试样本的真实类标为4.0
基于欧式距离排序： 1 2 6 0 3 5 4
该测试样本的真实类标为4.0
基于欧式距离排序： 1 2 6 5 0 3 4
该测试样本的真实类标为6.0
基于欧式距离排序： 1 3 2 5 0 4 6
该测试样本的真实类标为2.0
基于欧式距离排序： 1 3 2 5 6 0 4
该测试样本的真实类标为0.0
基于欧式距离排序： 1 4 2 3 6 0 5
该测试样本的真实类标为1.0
基于欧式距离排序： 2 6 4 0 5 3 1
该测试样本的真实类标为5.0
基于欧式距离排序： 1 4 2 3 6 0 5
该测试样本的真实类标为0.0
基于欧式距离排序： 4 1 2 6 3 0 5
该测试样本的真实类标为5.0
基于欧式距离排序： 1 4 3 2 0 6 5
该测试样本的真实类标为1.0
基于欧式距离排序： 2 6 4 0 5 3 1
该测试样本的真实类标为4.0
基于欧式距离排序： 1 3 4 5 0 2 6
该测试样本的真实类标为2.0
基于欧式距离排序： 1 2 5 6 3 0 4
该测试样本的真实类标为4.0
基于欧式距离排序： 1 2 6 5 3 0 4
该测试样本的真实类标为4.0
基于欧式距离排序： 1 2 6 0 5 3 4
该测试样本的真实类标为3.0
基于欧式距离排序： 2 6 4 0 1 3 5
该测试样本的真实类标为3.0
基于欧式距离排序： 2 6 0 5 4 1 3
该测试样本的真实类标为5.0
基于欧式距离排序： 1 2 6 4 0 3 5
该测试样本的真实类标为5.0
基于欧式距离排序： 1 2 6 0 3 4 5
该测试样本的真实类标为0.0
基于欧式距离排序： 1 4 3 2 0 6 5
该测试样本的真实类标为2.0
基于欧式距离排序： 1 3 2 5 0 6 4
该测试样本的真实类标为2.0
基于欧式距离排序： 1 3 5 2 0 4 6
该测试样本的真实类标为4.0
基于欧式距离排序： 1 4 3 2 0 6 5
该测试样本的真实类标为0.0
基于欧式距离排序： 1 2 6 4 3 0 5
该测试样本的真实类标为4.0
基于欧式距离排序： 1 2 5 3 6 0 4
该测试样本的真实类标为1.0
基于欧式距离排序： 4 2 6 0 5 3 1
该测试样本的真实类标为4.0
基于欧式距离排序： 1 2 6 5 0 3 4
该测试样本的真实类标为4.0
基于欧式距离排序： 1 3 4 5 2 0 6
该测试样本的真实类标为1.0
基于欧式距离排序： 2 6 4 0 5 3 1
该测试样本的真实类标为3.0
基于欧式距离排序： 2 6 1 0 5 3 4
该测试样本的真实类标为6.0
基于欧式距离排序： 1 3 4 0 2 5 6
该测试样本的真实类标为6.0
基于欧式距离排序： 1 3 4 2 5 0 6
该测试样本的真实类标为4.0
基于欧式距离排序： 1 5 2 3 6 0 4
该测试样本的真实类标为6.0
基于欧式距离排序： 1 3 4 0 2 5 6
该测试样本的真实类标为1.0
基于欧式距离排序： 2 6 4 0 5 3 1
该测试样本的真实类标为6.0
基于欧式距离排序： 1 3 2 5 0 4 6
该测试样本的真实类标为0.0
基于欧式距离排序： 1 2 6 3 0 5 4
该测试样本的真实类标为3.0
基于欧式距离排序： 2 6 0 5 4 1 3
该测试样本的真实类标为5.0
基于欧式距离排序： 4 1 2 6 3 0 5
该测试样本的真实类标为6.0
基于欧式距离排序： 1 3 2 5 0 4 6
该测试样本的真实类标为5.0
基于欧式距离排序： 1 3 4 2 0 6 5
该测试样本的真实类标为5.0
基于欧式距离排序： 1 4 3 2 0 6 5
该测试样本的真实类标为3.0
基于欧式距离排序： 2 6 1 0 5 4 3
该测试样本的真实类标为5.0
基于欧式距离排序： 1 2 6 3 0 4 5
该测试样本的真实类标为1.0
基于欧式距离排序： 2 6 4 0 5 3 1
该测试样本的真实类标为3.0
基于欧式距离排序： 2 4 6 0 3 1 5
该测试样本的真实类标为5.0
基于欧式距离排序： 1 2 4 6 0 3 5
该测试样本的真实类标为2.0
基于欧式距离排序： 1 3 2 5 0 6 4
该测试样本的真实类标为3.0
基于欧式距离排序： 1 4 3 2 0 6 5
该测试样本的真实类标为0.0
基于欧式距离排序： 1 2 6 0 5 3 4
该测试样本的真实类标为2.0
基于欧式距离排序： 1 2 5 6 3 0 4
该测试样本的真实类标为3.0
基于欧式距离排序： 4 2 6 0 3 1 5
该测试样本的真实类标为6.0
基于欧式距离排序： 1 3 2 4 5 0 6
该测试样本的真实类标为6.0
基于欧式距离排序： 1 3 4 2 0 5 6
该测试样本的真实类标为1.0
基于欧式距离排序： 2 6 4 0 5 3 1
该测试样本的真实类标为0.0
基于欧式距离排序： 1 3 4 2 5 0 6
该测试样本的真实类标为0.0
基于欧式距离排序： 1 3 4 0 5 2 6
该测试样本的真实类标为3.0
基于欧式距离排序： 2 1 6 0 4 5 3
该测试样本的真实类标为1.0
基于欧式距离排序： 2 6 4 0 5 3 1
该测试样本的真实类标为0.0
基于欧式距离排序： 1 2 3 4 6 0 5
该测试样本的真实类标为3.0
基于欧式距离排序： 6 2 4 0 5 3 1
该测试样本的真实类标为3.0
基于欧式距离排序： 1 4 3 2 0 6 5
该测试样本的真实类标为4.0
基于欧式距离排序： 1 3 4 2 5 0 6
该测试样本的真实类标为0.0
基于欧式距离排序： 1 3 4 5 2 0 6
该测试样本的真实类标为1.0
基于欧式距离排序： 2 6 4 0 5 3 1
该测试样本的真实类标为6.0
基于欧式距离排序： 1 3 4 2 5 0 6
该测试样本的真实类标为3.0
基于欧式距离排序： 2 4 6 0 1 3 5
该测试样本的真实类标为5.0
基于欧式距离排序： 4 1 3 2 0 6 5
该测试样本的真实类标为3.0
基于欧式距离排序： 1 2 6 0 5 3 4
该测试样本的真实类标为2.0
基于欧式距离排序： 1 3 2 5 6 0 4
该测试样本的真实类标为0.0
基于欧式距离排序： 1 3 4 2 0 5 6
正确率(2)：0.02813852813852814正确率(3)：0.08658008658008658正确率(4)：0.16883116883116883