该测试样本的真实类标为0.0
基于欧式距离排序： 0 1 4 3 2 5
该测试样本的真实类标为2.0
基于欧式距离排序： 2 3 1 4 0 5
该测试样本的真实类标为3.0
基于欧式距离排序： 3 1 5 4 2 0
该测试样本的真实类标为3.0
基于欧式距离排序： 3 1 4 2 0 5
该测试样本的真实类标为4.0
基于欧式距离排序： 4 1 3 0 2 5
该测试样本的真实类标为4.0
基于欧式距离排序： 4 3 1 5 0 2
该测试样本的真实类标为1.0
基于欧式距离排序： 1 3 4 2 0 5
该测试样本的真实类标为1.0
基于欧式距离排序： 1 3 4 2 0 5
该测试样本的真实类标为0.0
基于欧式距离排序： 0 3 1 4 2 5
该测试样本的真实类标为0.0
基于欧式距离排序： 5 3 0 1 4 2
该测试样本的真实类标为5.0
基于欧式距离排序： 5 3 1 4 0 2
该测试样本的真实类标为2.0
基于欧式距离排序： 2 3 1 4 0 5
该测试样本的真实类标为1.0
基于欧式距离排序： 1 3 4 0 2 5
该测试样本的真实类标为1.0
基于欧式距离排序： 1 3 4 5 2 0
该测试样本的真实类标为0.0
基于欧式距离排序： 1 3 0 4 2 5
该测试样本的真实类标为0.0
基于欧式距离排序： 0 1 4 3 2 5
该测试样本的真实类标为0.0
基于欧式距离排序： 0 5 3 4 1 2
该测试样本的真实类标为0.0
基于欧式距离排序： 0 3 1 4 5 2
该测试样本的真实类标为5.0
基于欧式距离排序： 5 3 1 4 0 2
该测试样本的真实类标为2.0
基于欧式距离排序： 2 3 1 4 0 5
该测试样本的真实类标为1.0
基于欧式距离排序： 1 3 4 5 2 0
该测试样本的真实类标为2.0
基于欧式距离排序： 2 3 1 4 0 5
该测试样本的真实类标为4.0
基于欧式距离排序： 4 1 3 0 2 5
该测试样本的真实类标为5.0
基于欧式距离排序： 5 3 1 4 0 2
该测试样本的真实类标为4.0
基于欧式距离排序： 5 4 3 1 0 2
该测试样本的真实类标为0.0
基于欧式距离排序： 0 3 1 4 2 5
该测试样本的真实类标为4.0
基于欧式距离排序： 4 3 1 0 5 2
该测试样本的真实类标为1.0
基于欧式距离排序： 1 3 4 0 2 5
该测试样本的真实类标为0.0
基于欧式距离排序： 0 4 1 3 2 5
该测试样本的真实类标为2.0
基于欧式距离排序： 2 3 1 4 0 5
该测试样本的真实类标为4.0
基于欧式距离排序： 4 1 3 5 0 2
该测试样本的真实类标为2.0
基于欧式距离排序： 2 3 1 4 0 5
该测试样本的真实类标为2.0
基于欧式距离排序： 2 1 3 4 0 5
该测试样本的真实类标为1.0
基于欧式距离排序： 1 3 4 2 0 5
该测试样本的真实类标为3.0
基于欧式距离排序： 3 1 4 2 0 5
该测试样本的真实类标为1.0
基于欧式距离排序： 3 1 4 2 0 5
该测试样本的真实类标为5.0
基于欧式距离排序： 5 3 1 4 0 2
该测试样本的真实类标为2.0
基于欧式距离排序： 2 1 3 4 0 5
该测试样本的真实类标为3.0
基于欧式距离排序： 3 1 5 4 2 0
该测试样本的真实类标为0.0
基于欧式距离排序： 5 0 1 3 4 2
该测试样本的真实类标为0.0
基于欧式距离排序： 0 1 3 4 5 2
该测试样本的真实类标为0.0
基于欧式距离排序： 0 4 1 3 2 5
该测试样本的真实类标为0.0
基于欧式距离排序： 0 3 1 5 4 2
该测试样本的真实类标为2.0
基于欧式距离排序： 2 1 3 4 0 5
该测试样本的真实类标为1.0
基于欧式距离排序： 1 3 5 4 2 0
该测试样本的真实类标为1.0
基于欧式距离排序： 1 3 4 0 2 5
该测试样本的真实类标为1.0
基于欧式距离排序： 1 3 4 0 2 5
该测试样本的真实类标为4.0
基于欧式距离排序： 5 4 3 1 0 2
该测试样本的真实类标为4.0
基于欧式距离排序： 3 4 1 5 0 2
该测试样本的真实类标为3.0
基于欧式距离排序： 3 1 4 2 0 5
该测试样本的真实类标为3.0
基于欧式距离排序： 3 1 4 5 2 0
该测试样本的真实类标为4.0
基于欧式距离排序： 4 3 1 5 0 2
该测试样本的真实类标为0.0
基于欧式距离排序： 0 3 1 4 2 5
该测试样本的真实类标为0.0
基于欧式距离排序： 0 1 3 4 5 2
该测试样本的真实类标为0.0
基于欧式距离排序： 0 4 1 3 2 5
该测试样本的真实类标为0.0
基于欧式距离排序： 0 4 1 3 2 5
该测试样本的真实类标为2.0
基于欧式距离排序： 2 3 1 4 0 5
该测试样本的真实类标为2.0
基于欧式距离排序： 2 3 1 4 0 5
该测试样本的真实类标为3.0
基于欧式距离排序： 3 1 4 2 0 5
该测试样本的真实类标为3.0
基于欧式距离排序： 3 1 4 0 2 5
该测试样本的真实类标为1.0
基于欧式距离排序： 3 1 5 4 2 0
该测试样本的真实类标为2.0
基于欧式距离排序： 2 3 1 4 5 0
该测试样本的真实类标为0.0
基于欧式距离排序： 0 3 4 1 2 5
该测试样本的真实类标为2.0
基于欧式距离排序： 2 3 1 4 5 0
该测试样本的真实类标为3.0
基于欧式距离排序： 3 1 4 2 0 5
该测试样本的真实类标为0.0
基于欧式距离排序： 5 0 3 1 4 2
该测试样本的真实类标为0.0
基于欧式距离排序： 0 3 4 1 2 5
该测试样本的真实类标为3.0
基于欧式距离排序： 3 1 4 2 5 0
该测试样本的真实类标为0.0
基于欧式距离排序： 0 4 3 1 2 5
该测试样本的真实类标为2.0
基于欧式距离排序： 2 3 4 1 0 5
该测试样本的真实类标为0.0
基于欧式距离排序： 0 3 1 4 5 2
该测试样本的真实类标为0.0
基于欧式距离排序： 0 3 1 4 2 5
正确率(2)：0.9722222222222222正确率(3)：1.0正确率(4)：1.0