该测试样本的真实类标为0.0
基于欧式距离排序： 0 2 7 1 5 4 6 3
该测试样本的真实类标为0.0
基于欧式距离排序： 0 2 7 5 1 6 4 3
该测试样本的真实类标为0.0
基于欧式距离排序： 0 7 2 1 5 4 6 3
该测试样本的真实类标为0.0
基于欧式距离排序： 2 5 0 7 6 4 1 3
该测试样本的真实类标为0.0
基于欧式距离排序： 0 7 2 1 4 5 3 6
该测试样本的真实类标为0.0
基于欧式距离排序： 2 0 7 5 4 6 1 3
该测试样本的真实类标为0.0
基于欧式距离排序： 0 2 7 5 6 1 4 3
该测试样本的真实类标为0.0
基于欧式距离排序： 0 7 2 1 4 5 6 3
该测试样本的真实类标为0.0
基于欧式距离排序： 0 7 2 5 6 1 4 3
该测试样本的真实类标为0.0
基于欧式距离排序： 0 7 2 4 1 5 6 3
该测试样本的真实类标为0.0
基于欧式距离排序： 0 2 7 1 5 4 6 3
该测试样本的真实类标为0.0
基于欧式距离排序： 0 7 2 1 4 5 3 6
该测试样本的真实类标为0.0
基于欧式距离排序： 0 2 7 1 5 4 6 3
该测试样本的真实类标为0.0
基于欧式距离排序： 0 7 2 5 6 1 4 3
该测试样本的真实类标为0.0
基于欧式距离排序： 0 7 2 1 5 4 6 3
该测试样本的真实类标为0.0
基于欧式距离排序： 0 2 7 1 4 5 6 3
该测试样本的真实类标为0.0
基于欧式距离排序： 0 2 1 7 4 5 6 3
该测试样本的真实类标为0.0
基于欧式距离排序： 0 7 2 1 5 6 4 3
该测试样本的真实类标为0.0
基于欧式距离排序： 0 7 2 1 4 5 3 6
该测试样本的真实类标为0.0
基于欧式距离排序： 0 2 7 5 6 4 1 3
该测试样本的真实类标为0.0
基于欧式距离排序： 0 2 7 5 1 6 3
该测试样本的真实类标为0.0
基于欧式距离排序： 0 2 7 5 6 1 4 3
该测试样本的真实类标为0.0
基于欧式距离排序： 0 7 2 5 1 6 4 3
该测试样本的真实类标为0.0
基于欧式距离排序： 0 2 5 7 6 1 4 3
该测试样本的真实类标为0.0
基于欧式距离排序： 0 7 2 5 6 1 4 3
该测试样本的真实类标为0.0
基于欧式距离排序： 0 2 7 1 5 4 6 3
该测试样本的真实类标为0.0
基于欧式距离排序： 0 2 7 1 4 5 6 3
该测试样本的真实类标为0.0
基于欧式距离排序： 0 5 2 7 1 4 6 3
该测试样本的真实类标为0.0
基于欧式距离排序： 0 2 7 1 5 6 4 3
该测试样本的真实类标为1.0
基于欧式距离排序： 1 4 0 2 7 3 5 6
该测试样本的真实类标为1.0
基于欧式距离排序： 2 1 0 6 4 5 7 3
该测试样本的真实类标为1.0
基于欧式距离排序： 1 4 0 2 7 3 6 5
该测试样本的真实类标为1.0
基于欧式距离排序： 1 5 0 2 4 7 6 3
该测试样本的真实类标为1.0
基于欧式距离排序： 4 1 7 2 3 0 6 5
该测试样本的真实类标为1.0
基于欧式距离排序： 0 4 1 2 7 5 6 3
该测试样本的真实类标为1.0
基于欧式距离排序： 4 1 2 0 7 6 5 3
该测试样本的真实类标为1.0
基于欧式距离排序： 0 1 4 2 5 7 6 3
该测试样本的真实类标为1.0
基于欧式距离排序： 1 4 0 2 7 6 5 3
该测试样本的真实类标为1.0
基于欧式距离排序： 1 4 2 0 7 6 5 3
该测试样本的真实类标为1.0
基于欧式距离排序： 4 2 0 1 7 5 6 3
该测试样本的真实类标为1.0
基于欧式距离排序： 4 1 0 2 7 5 6 3
该测试样本的真实类标为1.0
基于欧式距离排序： 1 4 0 2 7 6 5 3
该测试样本的真实类标为1.0
基于欧式距离排序： 1 4 0 2 7 3 5 6
该测试样本的真实类标为1.0
基于欧式距离排序： 0 2 1 7 4 6 5 3
该测试样本的真实类标为2.0
基于欧式距离排序： 4 1 2 7 6 0 5 3
该测试样本的真实类标为4.0
基于欧式距离排序： 4 1 2 6 7 5 0 3
该测试样本的真实类标为4.0
基于欧式距离排序： 4 1 2 7 0 6 5 3
该测试样本的真实类标为4.0
基于欧式距离排序： 4 1 2 0 7 5 6 3
该测试样本的真实类标为4.0
基于欧式距离排序： 1 4 3 0 7 2 5 6
该测试样本的真实类标为4.0
基于欧式距离排序： 4 2 1 5 6 7 0 3
该测试样本的真实类标为4.0
基于欧式距离排序： 2 4 6 5 7 1 0 3
该测试样本的真实类标为4.0
基于欧式距离排序： 2 5 4 6 7 1 0 3
该测试样本的真实类标为5.0
基于欧式距离排序： 5 2 7 6 0 4 1 3
该测试样本的真实类标为5.0
基于欧式距离排序： 2 7 5 0 6 4 1 3
该测试样本的真实类标为5.0
基于欧式距离排序： 7 2 0 5 6 4 1 3
该测试样本的真实类标为5.0
基于欧式距离排序： 5 2 7 6 0 4 1 3
该测试样本的真实类标为6.0
基于欧式距离排序： 6 2 3 7 5 4 0 1
该测试样本的真实类标为7.0
基于欧式距离排序： 0 2 7 1 5 6 4 3
该测试样本的真实类标为7.0
基于欧式距离排序： 2 7 0 4 5 6 1 3
该测试样本的真实类标为7.0
基于欧式距离排序： 7 2 5 0 4 6 1 3
该测试样本的真实类标为7.0
基于欧式距离排序： 0 2 7 1 5 4 6 3
该测试样本的真实类标为7.0
基于欧式距离排序： 7 2 5 0 6 4 1 3
该测试样本的真实类标为7.0
基于欧式距离排序： 2 7 5 0 4 6 1 3
该测试样本的真实类标为7.0
基于欧式距离排序： 7 2 5 0 6 4 1 3
该测试样本的真实类标为7.0
基于欧式距离排序： 2 5 7 6 4 0 1 3
该测试样本的真实类标为7.0
基于欧式距离排序： 2 6 7 5 4 1 0 3
该测试样本的真实类标为7.0
基于欧式距离排序： 2 7 5 0 6 4 1 3
该测试样本的真实类标为7.0
基于欧式距离排序： 2 7 0 5 6 4 1 3
正确率(2)：0.8235294117647058正确率(3)：0.9705882352941176正确率(4)：1.0