该测试样本的真实类标为2.0
基于欧式距离排序： 1 2 5 3 10 0 4 8 6 9 7
该测试样本的真实类标为3.0
基于欧式距离排序： 5 3 1 2 10 4 6 8 0 9 7
该测试样本的真实类标为4.0
基于欧式距离排序： 5 3 6 10 4 1 8 2 9 7 0
该测试样本的真实类标为8.0
基于欧式距离排序： 10 5 9 8 1 6 4 2 0 3 7
该测试样本的真实类标为6.0
基于欧式距离排序： 5 6 8 4 10 7 9 3 1 2 0
该测试样本的真实类标为7.0
基于欧式距离排序： 6 5 8 7 9 10 4 3 1 2 0
该测试样本的真实类标为8.0
基于欧式距离排序： 5 10 9 8 1 6 3 4 2 0 7
该测试样本的真实类标为4.0
基于欧式距离排序： 5 3 1 10 6 4 2 8 9 7 0
该测试样本的真实类标为7.0
基于欧式距离排序： 5 6 8 7 9 4 10 3 2 1 0
该测试样本的真实类标为9.0
基于欧式距离排序： 5 1 9 10 3 8 2 0 6 4 7
该测试样本的真实类标为1.0
基于欧式距离排序： 1 0 10 2 5 8 9 3 4 6 7
该测试样本的真实类标为3.0
基于欧式距离排序： 3 5 1 2 10 4 6 8 0 9 7
该测试样本的真实类标为5.0
基于欧式距离排序： 5 3 6 10 1 8 9 4 2 7 0
该测试样本的真实类标为8.0
基于欧式距离排序： 5 1 10 8 9 6 2 3 4 0 7
该测试样本的真实类标为9.0
基于欧式距离排序： 5 1 10 9 3 2 8 0 4 6 7
该测试样本的真实类标为10.0
基于欧式距离排序： 1 5 10 3 2 6 4 8 0 9 7
该测试样本的真实类标为4.0
基于欧式距离排序： 5 1 3 10 2 6 9 8 4 0 7
该测试样本的真实类标为6.0
基于欧式距离排序： 5 3 6 4 10 8 7 9 2 1 0
该测试样本的真实类标为7.0
基于欧式距离排序： 5 8 6 7 10 4 9 3 2 1 0
该测试样本的真实类标为10.0
基于欧式距离排序： 5 10 1 3 6 8 9 4 2 0 7
该测试样本的真实类标为3.0
基于欧式距离排序： 5 3 2 1 10 4 6 8 0 7 9
该测试样本的真实类标为6.0
基于欧式距离排序： 5 6 3 4 7 8 10 9 2 1 0
该测试样本的真实类标为2.0
基于欧式距离排序： 1 5 2 3 10 4 6 0 8 9 7
该测试样本的真实类标为7.0
基于欧式距离排序： 5 8 6 4 7 10 3 9 2 1 0
该测试样本的真实类标为10.0
基于欧式距离排序： 5 1 10 3 8 2 4 6 9 0 7
该测试样本的真实类标为3.0
基于欧式距离排序： 3 5 2 1 10 4 6 8 0 7 9
该测试样本的真实类标为4.0
基于欧式距离排序： 5 3 6 4 10 8 1 2 9 7 0
该测试样本的真实类标为8.0
基于欧式距离排序： 5 6 8 9 7 10 4 3 1 2 0
该测试样本的真实类标为2.0
基于欧式距离排序： 1 5 2 3 10 4 6 8 0 7 9
该测试样本的真实类标为2.0
基于欧式距离排序： 1 5 2 3 10 4 6 8 0 7 9
该测试样本的真实类标为4.0
基于欧式距离排序： 5 3 10 4 6 2 1 8 9 7 0
该测试样本的真实类标为3.0
基于欧式距离排序： 5 1 3 2 10 4 6 8 0 7 9
该测试样本的真实类标为6.0
基于欧式距离排序： 6 5 8 4 7 3 10 2 1 9 0
该测试样本的真实类标为7.0
基于欧式距离排序： 6 5 7 4 8 3 10 9 2 1 0
该测试样本的真实类标为8.0
基于欧式距离排序： 5 6 8 3 9 2 10 4 1 7 0
该测试样本的真实类标为10.0
基于欧式距离排序： 5 1 10 6 8 3 2 9 4 0 7
该测试样本的真实类标为9.0
基于欧式距离排序： 5 9 8 6 7 4 10 3 1 2 0
该测试样本的真实类标为10.0
基于欧式距离排序： 5 1 10 3 6 8 2 4 9 0 7
该测试样本的真实类标为9.0
基于欧式距离排序： 5 9 8 6 7 4 10 3 1 2 0
该测试样本的真实类标为4.0
基于欧式距离排序： 5 6 3 4 1 8 10 2 7 9 0
该测试样本的真实类标为0.0
基于欧式距离排序： 1 2 0 3 10 5 4 8 6 9 7
该测试样本的真实类标为9.0
基于欧式距离排序： 5 8 9 6 7 4 10 3 1 2 0
该测试样本的真实类标为10.0
基于欧式距离排序： 5 1 10 3 2 6 8 4 9 0 7
该测试样本的真实类标为2.0
基于欧式距离排序： 5 3 2 1 10 4 6 8 0 9 7
该测试样本的真实类标为7.0
基于欧式距离排序： 6 5 7 8 10 9 2 3 4 1 0
该测试样本的真实类标为8.0
基于欧式距离排序： 5 6 8 10 4 9 7 1 3 2 0
该测试样本的真实类标为0.0
基于欧式距离排序： 1 2 5 3 10 0 4 6 8 9 7
该测试样本的真实类标为1.0
基于欧式距离排序： 1 5 3 2 10 4 6 0 8 7 9
该测试样本的真实类标为2.0
基于欧式距离排序： 5 3 1 2 10 4 6 0 8 9 7
该测试样本的真实类标为0.0
基于欧式距离排序： 1 2 5 3 10 0 4 6 8 9 7
该测试样本的真实类标为3.0
基于欧式距离排序： 5 3 10 2 4 6 1 8 7 9 0
该测试样本的真实类标为7.0
基于欧式距离排序： 6 5 7 8 10 9 3 4 2 1 0
该测试样本的真实类标为0.0
基于欧式距离排序： 1 2 5 3 10 0 4 8 6 9 7
该测试样本的真实类标为4.0
基于欧式距离排序： 5 6 4 7 10 8 3 2 9 1 0
该测试样本的真实类标为8.0
基于欧式距离排序： 6 4 9 10 8 7 5 3 1 2 0
该测试样本的真实类标为0.0
基于欧式距离排序： 0 1 2 10 3 5 4 9 6 8 7
该测试样本的真实类标为2.0
基于欧式距离排序： 2 3 1 10 5 4 0 6 9 8 7
该测试样本的真实类标为7.0
基于欧式距离排序： 6 7 4 5 10 9 3 8 2 1 0
该测试样本的真实类标为5.0
基于欧式距离排序： 4 3 5 10 6 2 7 1 8 0 9
该测试样本的真实类标为7.0
基于欧式距离排序： 6 4 7 5 9 10 3 8 2 1 0
该测试样本的真实类标为0.0
基于欧式距离排序： 0 1 2 10 3 5 4 9 6 8 7
该测试样本的真实类标为1.0
基于欧式距离排序： 1 2 0 10 3 5 9 4 6 8 7
该测试样本的真实类标为5.0
基于欧式距离排序： 4 3 10 5 6 2 1 0 8 7 9
该测试样本的真实类标为8.0
基于欧式距离排序： 6 4 9 10 7 8 5 3 2 1 0
该测试样本的真实类标为3.0
基于欧式距离排序： 3 4 5 10 2 6 1 7 8 0 9
该测试样本的真实类标为5.0
基于欧式距离排序： 4 3 10 5 2 6 1 0 9 8 7
该测试样本的真实类标为8.0
基于欧式距离排序： 6 9 4 10 8 7 5 3 2 1 0
该测试样本的真实类标为10.0
基于欧式距离排序： 3 4 10 5 6 2 1 8 9 0 7
该测试样本的真实类标为1.0
基于欧式距离排序： 2 1 3 10 5 0 9 6 4 8 7
该测试样本的真实类标为2.0
基于欧式距离排序： 2 3 1 10 5 6 4 9 0 7 8
该测试样本的真实类标为9.0
基于欧式距离排序： 9 6 8 10 4 7 5 1 3 2 0
该测试样本的真实类标为10.0
基于欧式距离排序： 3 4 10 6 5 2 1 8 9 7 0
该测试样本的真实类标为2.0
基于欧式距离排序： 2 1 3 10 0 5 4 6 9 8 7
该测试样本的真实类标为4.0
基于欧式距离排序： 4 6 3 7 10 5 2 9 8 1 0
该测试样本的真实类标为5.0
基于欧式距离排序： 4 3 6 5 10 2 7 1 8 9 0
该测试样本的真实类标为10.0
基于欧式距离排序： 4 6 10 3 9 5 1 8 7 2 0
该测试样本的真实类标为6.0
基于欧式距离排序： 4 6 7 3 10 9 5 8 2 1 0
该测试样本的真实类标为8.0
基于欧式距离排序： 6 4 7 9 10 8 5 3 1 2 0
该测试样本的真实类标为10.0
基于欧式距离排序： 4 6 10 3 5 9 1 2 7 8 0
该测试样本的真实类标为1.0
基于欧式距离排序： 1 0 2 10 3 5 9 4 8 6 7
该测试样本的真实类标为5.0
基于欧式距离排序： 4 3 6 5 10 2 7 1 8 9 0
该测试样本的真实类标为7.0
基于欧式距离排序： 4 7 6 3 5 10 9 2 8 1 0
该测试样本的真实类标为9.0
基于欧式距离排序： 9 4 6 7 8 10 5 3 1 2 0
该测试样本的真实类标为3.0
基于欧式距离排序： 3 2 4 5 10 1 6 0 9 7 8
该测试样本的真实类标为8.0
基于欧式距离排序： 4 6 10 7 9 8 5 3 1 2 0
该测试样本的真实类标为7.0
基于欧式距离排序： 4 6 7 10 9 5 8 3 2 1 0
该测试样本的真实类标为1.0
基于欧式距离排序： 1 2 10 0 3 5 4 6 8 9 7
该测试样本的真实类标为5.0
基于欧式距离排序： 4 3 10 5 6 2 1 7 8 9 0
该测试样本的真实类标为8.0
基于欧式距离排序： 6 4 10 8 9 7 5 3 2 1 0
该测试样本的真实类标为4.0
基于欧式距离排序： 4 6 3 5 10 7 2 8 9 1 0
该测试样本的真实类标为0.0
基于欧式距离排序： 0 1 2 10 3 5 9 4 8 6 7
该测试样本的真实类标为3.0
基于欧式距离排序： 3 4 2 5 10 6 1 7 8 9 0
该测试样本的真实类标为4.0
基于欧式距离排序： 4 6 3 5 10 7 2 8 9 1 0
该测试样本的真实类标为8.0
基于欧式距离排序： 10 4 8 3 9 6 5 1 2 7 0
该测试样本的真实类标为9.0
基于欧式距离排序： 9 6 8 10 7 4 1 5 2 0 3
该测试样本的真实类标为0.0
基于欧式距离排序： 0 1 2 10 9 5 3 8 6 4 7
该测试样本的真实类标为3.0
基于欧式距离排序： 3 2 4 10 5 6 1 7 8 0 9
该测试样本的真实类标为6.0
基于欧式距离排序： 4 6 3 10 5 7 8 9 2 1 0
该测试样本的真实类标为9.0
基于欧式距离排序： 4 7 6 9 8 10 5 3 2 1 0
该测试样本的真实类标为5.0
基于欧式距离排序： 3 4 5 10 2 6 7 1 8 9 0
该测试样本的真实类标为9.0
基于欧式距离排序： 7 6 4 9 8 10 5 3 2 1 0
该测试样本的真实类标为0.0
基于欧式距离排序： 9 2 0 10 1 6 5 7 8 4 3
该测试样本的真实类标为3.0
基于欧式距离排序： 3 2 5 10 4 1 6 0 7 8 9
该测试样本的真实类标为4.0
基于欧式距离排序： 4 5 3 10 7 6 9 8 2 1 0
该测试样本的真实类标为5.0
基于欧式距离排序： 2 3 5 10 4 1 6 0 7 8 9
该测试样本的真实类标为7.0
基于欧式距离排序： 7 4 6 8 10 9 5 3 2 1 0
该测试样本的真实类标为10.0
基于欧式距离排序： 10 2 1 3 4 5 9 6 0 8 7
该测试样本的真实类标为2.0
基于欧式距离排序： 2 1 10 3 5 0 4 6 9 7 8
该测试样本的真实类标为6.0
基于欧式距离排序： 4 6 10 5 3 7 8 9 2 1 0
该测试样本的真实类标为1.0
基于欧式距离排序： 2 1 0 10 3 5 8 4 9 6 7
该测试样本的真实类标为9.0
基于欧式距离排序： 8 9 10 7 5 6 2 4 1 3 0
该测试样本的真实类标为10.0
基于欧式距离排序： 8 3 5 10 4 7 2 6 1 9 0
该测试样本的真实类标为0.0
基于欧式距离排序： 2 3 1 5 10 0 4 8 6 7 9
该测试样本的真实类标为4.0
基于欧式距离排序： 8 3 7 4 5 10 6 2 1 9 0
该测试样本的真实类标为2.0
基于欧式距离排序： 2 10 3 5 1 8 0 4 6 7 9
该测试样本的真实类标为0.0
基于欧式距离排序： 0 2 1 10 3 5 8 9 4 6 7
该测试样本的真实类标为8.0
基于欧式距离排序： 8 7 5 10 3 9 6 4 2 1 0
该测试样本的真实类标为1.0
基于欧式距离排序： 2 1 10 5 3 4 8 0 6 7 9
该测试样本的真实类标为3.0
基于欧式距离排序： 3 2 5 10 4 8 1 6 7 0 9
该测试样本的真实类标为4.0
基于欧式距离排序： 8 3 5 4 7 10 2 6 9 1 0
该测试样本的真实类标为5.0
基于欧式距离排序： 8 10 5 3 2 4 7 1 6 0 9
该测试样本的真实类标为6.0
基于欧式距离排序： 8 5 10 6 7 3 2 9 4 1 0
该测试样本的真实类标为7.0
基于欧式距离排序： 7 8 4 5 3 10 6 9 2 1 0
该测试样本的真实类标为1.0
基于欧式距离排序： 2 10 0 1 8 3 5 4 9 7 6
该测试样本的真实类标为6.0
基于欧式距离排序： 8 3 10 4 7 5 2 6 1 9 0
该测试样本的真实类标为9.0
基于欧式距离排序： 8 7 10 9 4 5 6 3 2 1 0
该测试样本的真实类标为2.0
基于欧式距离排序： 3 2 5 4 10 8 1 6 7 0 9
该测试样本的真实类标为5.0
基于欧式距离排序： 3 8 2 10 5 4 7 6 1 9 0
该测试样本的真实类标为6.0
基于欧式距离排序： 8 3 10 4 2 7 5 6 1 9 0
该测试样本的真实类标为9.0
基于欧式距离排序： 8 7 10 9 4 5 6 3 2 1 0
该测试样本的真实类标为0.0
基于欧式距离排序： 0 1 2 10 8 3 5 4 9 6 7
该测试样本的真实类标为9.0
基于欧式距离排序： 8 7 9 10 4 5 6 3 2 1 0
该测试样本的真实类标为1.0
基于欧式距离排序： 10 2 8 0 1 3 5 9 4 7 6
该测试样本的真实类标为4.0
基于欧式距离排序： 3 8 4 10 2 5 7 1 6 9 0
该测试样本的真实类标为5.0
基于欧式距离排序： 3 8 10 2 5 4 7 1 6 0 9
该测试样本的真实类标为3.0
基于欧式距离排序： 3 4 5 2 10 8 6 1 7 0 9
该测试样本的真实类标为0.0
基于欧式距离排序： 0 10 8 1 2 5 9 3 4 6 7
该测试样本的真实类标为7.0
基于欧式距离排序： 7 8 10 4 5 6 3 9 2 1 0
该测试样本的真实类标为9.0
基于欧式距离排序： 8 7 10 4 9 5 3 6 2 1 0
该测试样本的真实类标为4.0
基于欧式距离排序： 3 8 4 5 10 7 2 6 1 9 0
该测试样本的真实类标为6.0
基于欧式距离排序： 8 7 3 4 5 10 6 2 9 1 0
该测试样本的真实类标为7.0
基于欧式距离排序： 7 8 4 10 5 3 6 2 9 1 0
该测试样本的真实类标为5.0
基于欧式距离排序： 3 5 4 8 10 2 7 6 1 9 0
该测试样本的真实类标为9.0
基于欧式距离排序： 8 7 10 9 4 5 6 3 2 1 0
该测试样本的真实类标为10.0
基于欧式距离排序： 10 8 2 3 5 4 7 1 6 9 0
该测试样本的真实类标为2.0
基于欧式距离排序： 2 3 10 8 1 5 4 7 0 6 9
该测试样本的真实类标为4.0
基于欧式距离排序： 3 4 5 8 10 7 2 6 1 9 0
该测试样本的真实类标为5.0
基于欧式距离排序： 3 5 8 4 10 2 7 6 1 9 0
该测试样本的真实类标为10.0
基于欧式距离排序： 10 8 2 3 5 4 7 1 6 9 0
该测试样本的真实类标为1.0
基于欧式距离排序： 1 10 2 0 8 5 3 4 9 7 6
该测试样本的真实类标为0.0
基于欧式距离排序： 0 2 1 10 3 8 5 4 9 6 7
该测试样本的真实类标为3.0
基于欧式距离排序： 3 2 5 10 4 8 6 7 1 0 9
该测试样本的真实类标为6.0
基于欧式距离排序： 3 8 4 7 5 10 2 6 9 1 0
该测试样本的真实类标为10.0
基于欧式距离排序： 10 2 8 3 5 4 1 7 6 9 0
该测试样本的真实类标为5.0
基于欧式距离排序： 3 5 10 2 8 4 7 1 6 9 0
该测试样本的真实类标为6.0
基于欧式距离排序： 8 3 4 7 10 5 2 6 1 9 0
该测试样本的真实类标为9.0
基于欧式距离排序： 8 0 10 9 1 2 5 4 7 3 6
该测试样本的真实类标为1.0
基于欧式距离排序： 2 10 3 1 8 5 0 4 9 6 7
该测试样本的真实类标为6.0
基于欧式距离排序： 4 7 6 10 5 3 8 9 2 1 0
该测试样本的真实类标为8.0
基于欧式距离排序： 7 4 8 6 10 9 5 3 2 1 0
该测试样本的真实类标为0.0
基于欧式距离排序： 0 2 10 1 5 3 9 8 4 6 7
该测试样本的真实类标为1.0
基于欧式距离排序： 2 10 0 1 5 3 9 8 4 6 7
该测试样本的真实类标为2.0
基于欧式距离排序： 2 10 3 5 4 8 1 9 7 6 0
该测试样本的真实类标为5.0
基于欧式距离排序： 4 10 3 5 7 8 6 2 9 1 0
该测试样本的真实类标为2.0
基于欧式距离排序： 2 10 3 5 4 8 1 9 0 6 7
该测试样本的真实类标为7.0
基于欧式距离排序： 7 4 6 8 5 10 3 9 2 1 0
该测试样本的真实类标为8.0
基于欧式距离排序： 7 4 3 8 5 10 2 9 6 1 0
该测试样本的真实类标为1.0
基于欧式距离排序： 2 10 1 5 3 0 9 8 4 6 7
该测试样本的真实类标为2.0
基于欧式距离排序： 2 10 3 5 4 1 8 0 9 6 7
该测试样本的真实类标为2.0
基于欧式距离排序： 2 10 3 5 4 1 8 9 0 6 7
该测试样本的真实类标为10.0
基于欧式距离排序： 10 4 8 5 3 9 7 2 6 1 0
该测试样本的真实类标为4.0
基于欧式距离排序： 4 5 10 3 7 2 8 6 9 1 0
该测试样本的真实类标为6.0
基于欧式距离排序： 4 10 5 3 8 7 9 2 6 1 0
该测试样本的真实类标为7.0
基于欧式距离排序： 4 7 10 8 6 5 3 9 2 1 0
该测试样本的真实类标为8.0
基于欧式距离排序： 10 5 8 4 2 9 3 1 7 0 6
该测试样本的真实类标为2.0
基于欧式距离排序： 2 3 10 5 4 0 1 8 9 6 7
该测试样本的真实类标为1.0
基于欧式距离排序： 10 2 5 1 9 3 8 0 4 6 7
该测试样本的真实类标为3.0
基于欧式距离排序： 3 4 10 5 2 8 7 6 9 0 1
该测试样本的真实类标为10.0
基于欧式距离排序： 10 2 5 3 4 8 1 9 0 6 7
该测试样本的真实类标为0.0
基于欧式距离排序： 10 9 0 2 1 8 5 3 4 6 7
该测试样本的真实类标为6.0
基于欧式距离排序： 4 10 5 3 2 8 7 9 6 1 0
该测试样本的真实类标为0.0
基于欧式距离排序： 10 0 9 2 1 8 5 3 4 6 7
该测试样本的真实类标为1.0
基于欧式距离排序： 10 2 5 3 1 4 0 8 9 6 7
该测试样本的真实类标为3.0
基于欧式距离排序： 3 4 2 5 10 8 7 6 9 0 1
该测试样本的真实类标为6.0
基于欧式距离排序： 4 10 5 3 2 8 7 6 9 1 0
该测试样本的真实类标为9.0
基于欧式距离排序： 9 10 2 8 5 1 3 0 4 6 7
该测试样本的真实类标为0.0
基于欧式距离排序： 2 0 10 1 9 5 3 8 4 6 7
该测试样本的真实类标为4.0
基于欧式距离排序： 4 5 10 3 7 8 6 2 9 1 0
该测试样本的真实类标为8.0
基于欧式距离排序： 8 9 10 7 4 5 3 6 2 1 0
该测试样本的真实类标为1.0
基于欧式距离排序： 10 2 0 1 9 5 8 3 4 6 7
该测试样本的真实类标为3.0
基于欧式距离排序： 3 2 4 5 10 8 7 6 1 9 0
该测试样本的真实类标为5.0
基于欧式距离排序： 4 5 10 3 2 8 7 6 9 1 0
该测试样本的真实类标为6.0
基于欧式距离排序： 4 7 6 10 5 3 8 2 9 1 0
该测试样本的真实类标为1.0
基于欧式距离排序： 10 2 0 1 9 5 8 3 4 6 7
该测试样本的真实类标为3.0
基于欧式距离排序： 3 4 2 5 10 8 7 6 9 1 0
该测试样本的真实类标为5.0
基于欧式距离排序： 4 10 5 3 2 8 7 6 9 1 0
该测试样本的真实类标为7.0
基于欧式距离排序： 7 4 8 6 10 5 3 9 2 1 0
该测试样本的真实类标为10.0
基于欧式距离排序： 10 4 5 3 2 8 6 1 7 9 0
正确率(2)：0.47474747474747475正确率(3)：0.6919191919191919正确率(4)：0.8686868686868687