该测试样本的真实类标为3.0
基于欧式距离排序： 3 2 5 4 1 0
该测试样本的真实类标为5.0
基于欧式距离排序： 5 2 3 4 1 0
该测试样本的真实类标为2.0
基于欧式距离排序： 3 2 5 4 1 0
该测试样本的真实类标为4.0
基于欧式距离排序： 3 5 2 4 1 0
该测试样本的真实类标为5.0
基于欧式距离排序： 0 1 4 5 2 3
该测试样本的真实类标为2.0
基于欧式距离排序： 3 2 5 4 1 0
该测试样本的真实类标为2.0
基于欧式距离排序： 3 5 2 4 1 0
该测试样本的真实类标为2.0
基于欧式距离排序： 0 1 4 2 5 3
该测试样本的真实类标为3.0
基于欧式距离排序： 3 5 2 4 1 0
该测试样本的真实类标为1.0
基于欧式距离排序： 0 1 4 5 2 3
该测试样本的真实类标为4.0
基于欧式距离排序： 3 2 5 4 1 0
该测试样本的真实类标为1.0
基于欧式距离排序： 2 3 5 4 1 0
该测试样本的真实类标为3.0
基于欧式距离排序： 5 3 2 4 1 0
该测试样本的真实类标为3.0
基于欧式距离排序： 3 5 2 4 1 0
该测试样本的真实类标为2.0
基于欧式距离排序： 3 5 2 4 1 0
该测试样本的真实类标为5.0
基于欧式距离排序： 0 1 4 5 2 3
该测试样本的真实类标为0.0
基于欧式距离排序： 0 1 4 5 2 3
该测试样本的真实类标为3.0
基于欧式距离排序： 0 1 4 5 2 3
该测试样本的真实类标为3.0
基于欧式距离排序： 3 5 2 4 1 0
该测试样本的真实类标为4.0
基于欧式距离排序： 0 1 4 5 2 3
该测试样本的真实类标为1.0
基于欧式距离排序： 5 3 2 4 1 0
该测试样本的真实类标为1.0
基于欧式距离排序： 3 5 2 4 1 0
该测试样本的真实类标为3.0
基于欧式距离排序： 3 2 5 4 1 0
该测试样本的真实类标为2.0
基于欧式距离排序： 0 4 1 2 5 3
该测试样本的真实类标为3.0
基于欧式距离排序： 3 5 2 4 1 0
该测试样本的真实类标为3.0
基于欧式距离排序： 3 5 2 4 1 0
该测试样本的真实类标为2.0
基于欧式距离排序： 3 2 5 4 1 0
该测试样本的真实类标为2.0
基于欧式距离排序： 5 2 3 4 1 0
该测试样本的真实类标为4.0
基于欧式距离排序： 0 4 1 2 5 3
该测试样本的真实类标为2.0
基于欧式距离排序： 3 5 2 4 1 0
该测试样本的真实类标为4.0
基于欧式距离排序： 3 5 2 4 1 0
该测试样本的真实类标为4.0
基于欧式距离排序： 3 5 2 4 1 0
正确率(2)：0.5正确率(3)：0.625正确率(4)：0.875