该测试样本的真实类标为0.0
基于欧式距离排序： 2 0 5 4 1 6 3
该测试样本的真实类标为0.0
基于欧式距离排序： 2 0 5 6 4 1 3
该测试样本的真实类标为0.0
基于欧式距离排序： 2 0 5 4 6 1 3
该测试样本的真实类标为0.0
基于欧式距离排序： 2 0 5 4 1 6 3
该测试样本的真实类标为0.0
基于欧式距离排序： 2 0 5 4 6 1 3
该测试样本的真实类标为0.0
基于欧式距离排序： 2 0 5 6 4 1 3
该测试样本的真实类标为0.0
基于欧式距离排序： 2 0 5 4 6 1 3
该测试样本的真实类标为0.0
基于欧式距离排序： 2 0 5 4 1 6 3
该测试样本的真实类标为0.0
基于欧式距离排序： 2 0 5 4 6 1 3
该测试样本的真实类标为0.0
基于欧式距离排序： 2 0 5 4 6 1 3
该测试样本的真实类标为0.0
基于欧式距离排序： 2 0 5 4 6 1 3
该测试样本的真实类标为0.0
基于欧式距离排序： 2 0 5 4 1 6 3
该测试样本的真实类标为1.0
基于欧式距离排序： 2 0 5 6 4 1 3
该测试样本的真实类标为1.0
基于欧式距离排序： 2 0 5 6 4 1 3
该测试样本的真实类标为1.0
基于欧式距离排序： 2 0 5 4 1 6 3
该测试样本的真实类标为1.0
基于欧式距离排序： 2 0 5 4 6 1 3
该测试样本的真实类标为1.0
基于欧式距离排序： 2 0 5 4 1 6 3
该测试样本的真实类标为1.0
基于欧式距离排序： 2 0 5 4 1 6 3
该测试样本的真实类标为1.0
基于欧式距离排序： 4 1 5 0 6 2 3
该测试样本的真实类标为1.0
基于欧式距离排序： 2 0 5 6 4 1 3
该测试样本的真实类标为1.0
基于欧式距离排序： 2 0 5 6 4 1 3
该测试样本的真实类标为1.0
基于欧式距离排序： 2 0 5 4 1 6 3
该测试样本的真实类标为1.0
基于欧式距离排序： 2 0 5 4 6 1 3
该测试样本的真实类标为1.0
基于欧式距离排序： 2 0 5 4 6 1 3
该测试样本的真实类标为1.0
基于欧式距离排序： 2 0 5 4 6 1 3
该测试样本的真实类标为1.0
基于欧式距离排序： 2 0 4 5 6 1 3
该测试样本的真实类标为1.0
基于欧式距离排序： 2 0 5 4 1 6 3
该测试样本的真实类标为2.0
基于欧式距离排序： 2 0 5 4 1 6 3
该测试样本的真实类标为2.0
基于欧式距离排序： 2 0 5 6 1 4 3
该测试样本的真实类标为2.0
基于欧式距离排序： 2 0 5 4 6 1 3
该测试样本的真实类标为4.0
基于欧式距离排序： 4 5 6 1 2 0 3
该测试样本的真实类标为4.0
基于欧式距离排序： 4 6 5 2 0 1 3
该测试样本的真实类标为4.0
基于欧式距离排序： 4 2 0 6 5 1 3
该测试样本的真实类标为5.0
基于欧式距离排序： 5 6 4 1 0 2 3
该测试样本的真实类标为6.0
基于欧式距离排序： 6 5 4 2 0 1 3
该测试样本的真实类标为6.0
基于欧式距离排序： 6 5 4 2 0 1 3
该测试样本的真实类标为6.0
基于欧式距离排序： 6 2 5 0 4 1 3
该测试样本的真实类标为6.0
基于欧式距离排序： 6 5 4 2 0 1 3
该测试样本的真实类标为6.0
基于欧式距离排序： 6 5 4 2 0 1 3
该测试样本的真实类标为0.0
基于欧式距离排序： 2 0 5 4 6 1 3
该测试样本的真实类标为0.0
基于欧式距离排序： 2 0 5 4 1 6 3
该测试样本的真实类标为1.0
基于欧式距离排序： 2 0 5 4 6 1 3
该测试样本的真实类标为6.0
基于欧式距离排序： 6 2 5 0 4 1 3
正确率(2)：0.6511627906976745正确率(3)：0.6511627906976745正确率(4)：0.6511627906976745