该测试样本的真实类标为0.0
基于欧式距离排序： 6 7 3 2 4 5 0 1 8 9
该测试样本的真实类标为1.0
基于欧式距离排序： 2 7 1 5 0 6 4 3 8 9
该测试样本的真实类标为0.0
基于欧式距离排序： 0 2 1 7 6 5 4 3 8 9
该测试样本的真实类标为5.0
基于欧式距离排序： 1 5 2 7 0 6 4 3 8 9
该测试样本的真实类标为1.0
基于欧式距离排序： 0 1 2 7 5 6 4 3 8 9
该测试样本的真实类标为2.0
基于欧式距离排序： 2 1 5 7 0 6 4 8 3 9
该测试样本的真实类标为0.0
基于欧式距离排序： 2 1 7 0 5 6 4 3 8 9
该测试样本的真实类标为5.0
基于欧式距离排序： 5 7 2 1 0 6 4 3 8 9
该测试样本的真实类标为6.0
基于欧式距离排序： 6 3 4 7 0 2 5 1 8 9
该测试样本的真实类标为0.0
基于欧式距离排序： 3 6 4 7 0 5 2 1 8 9
该测试样本的真实类标为2.0
基于欧式距离排序： 6 0 2 7 4 1 3 5 8 9
该测试样本的真实类标为1.0
基于欧式距离排序： 1 2 5 7 0 4 6 8 3 9
该测试样本的真实类标为1.0
基于欧式距离排序： 1 5 2 7 0 6 4 3 8 9
该测试样本的真实类标为0.0
基于欧式距离排序： 3 6 4 5 7 0 2 1 8 9
该测试样本的真实类标为0.0
基于欧式距离排序： 0 2 7 6 1 5 4 3 8 9
该测试样本的真实类标为2.0
基于欧式距离排序： 0 2 5 1 7 6 4 3 8 9
该测试样本的真实类标为1.0
基于欧式距离排序： 2 5 1 7 0 6 4 3 8 9
该测试样本的真实类标为2.0
基于欧式距离排序： 5 2 1 7 0 6 4 3 8 9
该测试样本的真实类标为1.0
基于欧式距离排序： 2 7 5 1 0 6 4 3 8 9
该测试样本的真实类标为1.0
基于欧式距离排序： 6 7 2 0 3 4 1 5 8 9
该测试样本的真实类标为2.0
基于欧式距离排序： 5 0 2 1 7 6 4 3 8 9
该测试样本的真实类标为2.0
基于欧式距离排序： 1 2 5 7 0 4 6 3 8 9
该测试样本的真实类标为2.0
基于欧式距离排序： 2 1 5 7 0 6 4 3 8 9
该测试样本的真实类标为0.0
基于欧式距离排序： 6 3 0 4 7 2 5 1 8 9
该测试样本的真实类标为8.0
基于欧式距离排序： 8 2 0 5 1 7 6 4 3 9
该测试样本的真实类标为2.0
基于欧式距离排序： 0 2 1 5 7 6 4 3 8 9
该测试样本的真实类标为2.0
基于欧式距离排序： 0 2 1 5 7 6 4 3 8 9
该测试样本的真实类标为2.0
基于欧式距离排序： 2 7 0 1 5 6 4 3 8 9
该测试样本的真实类标为2.0
基于欧式距离排序： 2 5 1 7 0 4 6 8 3 9
该测试样本的真实类标为3.0
基于欧式距离排序： 3 6 4 7 0 5 2 1 8 9
该测试样本的真实类标为0.0
基于欧式距离排序： 0 6 7 5 2 3 1 4 8 9
该测试样本的真实类标为0.0
基于欧式距离排序： 0 2 5 1 7 6 4 3 8 9
该测试样本的真实类标为0.0
基于欧式距离排序： 0 2 1 7 5 6 4 3 8 9
该测试样本的真实类标为0.0
基于欧式距离排序： 6 3 4 0 7 2 5 1 8 9
该测试样本的真实类标为2.0
基于欧式距离排序： 2 5 0 7 1 6 4 3 8 9
该测试样本的真实类标为5.0
基于欧式距离排序： 5 7 2 1 0 6 4 3 8 9
该测试样本的真实类标为2.0
基于欧式距离排序： 2 1 7 0 5 6 4 3 8 9
该测试样本的真实类标为1.0
基于欧式距离排序： 2 1 5 7 0 6 4 8 3 9
该测试样本的真实类标为4.0
基于欧式距离排序： 3 6 4 7 0 5 2 1 8 9
该测试样本的真实类标为8.0
基于欧式距离排序： 8 2 1 5 7 0 6 4 3 9
该测试样本的真实类标为6.0
基于欧式距离排序： 6 3 4 7 0 2 5 1 8 9
该测试样本的真实类标为2.0
基于欧式距离排序： 2 1 7 0 5 6 4 8 3 9
该测试样本的真实类标为0.0
基于欧式距离排序： 0 2 7 1 5 6 4 3 8 9
该测试样本的真实类标为0.0
基于欧式距离排序： 2 7 1 5 0 6 4 3 8 9
该测试样本的真实类标为2.0
基于欧式距离排序： 2 1 5 7 0 6 4 8 3 9
该测试样本的真实类标为1.0
基于欧式距离排序： 2 1 5 7 0 4 6 8 3 9
该测试样本的真实类标为0.0
基于欧式距离排序： 0 6 2 1 7 5 3 4 8 9
该测试样本的真实类标为1.0
基于欧式距离排序： 7 2 5 0 1 6 3 4 8 9
该测试样本的真实类标为2.0
基于欧式距离排序： 2 1 7 5 0 4 6 8 3 9
该测试样本的真实类标为2.0
基于欧式距离排序： 0 2 7 5 1 6 4 3 8 9
该测试样本的真实类标为4.0
基于欧式距离排序： 3 6 4 7 0 5 2 1 8 9
该测试样本的真实类标为4.0
基于欧式距离排序： 7 5 2 6 0 1 3 4 8 9
该测试样本的真实类标为5.0
基于欧式距离排序： 5 2 1 7 0 6 4 3 8 9
该测试样本的真实类标为5.0
基于欧式距离排序： 5 7 2 0 6 1 4 3 8 9
该测试样本的真实类标为6.0
基于欧式距离排序： 3 6 4 0 7 2 5 1 8 9
该测试样本的真实类标为8.0
基于欧式距离排序： 5 2 7 1 0 6 4 3 8 9
该测试样本的真实类标为3.0
基于欧式距离排序： 3 6 4 7 0 2 5 1 8 9
该测试样本的真实类标为3.0
基于欧式距离排序： 3 6 4 0 7 5 2 1 8 9
该测试样本的真实类标为2.0
基于欧式距离排序： 7 6 2 1 5 0 4 3 8 9
该测试样本的真实类标为1.0
基于欧式距离排序： 6 2 1 7 5 0 4 3 8 9
该测试样本的真实类标为1.0
基于欧式距离排序： 2 5 1 7 0 6 4 3 8 9
该测试样本的真实类标为1.0
基于欧式距离排序： 0 2 1 5 7 6 3 4 8 9
该测试样本的真实类标为2.0
基于欧式距离排序： 2 1 5 7 0 4 6 8 3 9
该测试样本的真实类标为2.0
基于欧式距离排序： 5 2 7 1 0 6 4 3 8 9
该测试样本的真实类标为1.0
基于欧式距离排序： 2 7 1 0 6 5 4 3 8 9
该测试样本的真实类标为1.0
基于欧式距离排序： 2 1 5 7 0 6 4 3 8 9
该测试样本的真实类标为2.0
基于欧式距离排序： 2 7 1 0 5 6 4 3 8 9
该测试样本的真实类标为2.0
基于欧式距离排序： 2 5 1 7 0 6 4 8 3 9
该测试样本的真实类标为1.0
基于欧式距离排序： 5 2 1 7 0 6 4 3 8 9
该测试样本的真实类标为1.0
基于欧式距离排序： 0 1 7 5 2 6 4 3 8 9
该测试样本的真实类标为2.0
基于欧式距离排序： 2 5 1 7 0 4 6 8 3 9
该测试样本的真实类标为5.0
基于欧式距离排序： 5 2 7 0 1 4 6 3 8 9
该测试样本的真实类标为1.0
基于欧式距离排序： 2 1 7 0 5 6 4 3 8 9
该测试样本的真实类标为1.0
基于欧式距离排序： 5 1 2 0 7 6 3 4 8 9
该测试样本的真实类标为1.0
基于欧式距离排序： 2 1 5 0 7 6 4 8 3 9
该测试样本的真实类标为2.0
基于欧式距离排序： 7 2 1 5 6 0 4 3 8 9
该测试样本的真实类标为1.0
基于欧式距离排序： 2 1 5 7 0 6 4 8 3 9
该测试样本的真实类标为5.0
基于欧式距离排序： 5 7 2 0 1 6 3 4 8 9
该测试样本的真实类标为1.0
基于欧式距离排序： 1 2 5 7 0 6 4 8 3 9
该测试样本的真实类标为5.0
基于欧式距离排序： 5 2 1 7 0 4 6 3 8 9
该测试样本的真实类标为5.0
基于欧式距离排序： 5 7 2 1 0 6 4 3 8 9
该测试样本的真实类标为0.0
基于欧式距离排序： 0 5 2 7 1 6 4 3 8 9
该测试样本的真实类标为0.0
基于欧式距离排序： 6 7 0 2 4 1 3 5 8 9
该测试样本的真实类标为0.0
基于欧式距离排序： 7 2 5 6 1 0 4 3 8 9
该测试样本的真实类标为1.0
基于欧式距离排序： 2 1 5 7 0 6 4 8 3 9
该测试样本的真实类标为5.0
基于欧式距离排序： 5 2 1 7 0 6 4 3 8 9
该测试样本的真实类标为5.0
基于欧式距离排序： 3 6 4 7 0 5 2 1 8 9
该测试样本的真实类标为9.0
基于欧式距离排序： 9 3 4 6 0 7 5 2 1 8
该测试样本的真实类标为0.0
基于欧式距离排序： 0 1 2 7 6 5 4 3 8 9
该测试样本的真实类标为5.0
基于欧式距离排序： 5 1 2 7 0 4 6 8 3 9
该测试样本的真实类标为6.0
基于欧式距离排序： 6 3 4 0 7 2 1 5 8 9
该测试样本的真实类标为2.0
基于欧式距离排序： 2 1 5 7 0 6 4 3 8 9
该测试样本的真实类标为4.0
基于欧式距离排序： 3 6 4 7 0 2 5 1 8 9
该测试样本的真实类标为4.0
基于欧式距离排序： 3 6 0 4 7 5 2 1 8 9
该测试样本的真实类标为4.0
基于欧式距离排序： 3 6 4 0 7 5 2 1 8 9
该测试样本的真实类标为1.0
基于欧式距离排序： 2 1 5 7 0 6 4 8 3 9
该测试样本的真实类标为2.0
基于欧式距离排序： 7 2 5 1 0 6 4 3 8 9
该测试样本的真实类标为1.0
基于欧式距离排序： 2 5 7 1 0 6 4 3 8 9
该测试样本的真实类标为2.0
基于欧式距离排序： 5 2 7 1 0 6 4 3 8 9
该测试样本的真实类标为1.0
基于欧式距离排序： 6 7 2 3 0 1 4 5 8 9
该测试样本的真实类标为1.0
基于欧式距离排序： 2 1 7 5 0 4 6 8 3 9
该测试样本的真实类标为1.0
基于欧式距离排序： 2 1 7 0 6 5 4 3 8 9
该测试样本的真实类标为0.0
基于欧式距离排序： 0 6 2 7 1 3 5 4 8 9
该测试样本的真实类标为1.0
基于欧式距离排序： 1 5 2 0 7 6 4 8 3 9
该测试样本的真实类标为0.0
基于欧式距离排序： 0 2 1 7 5 6 4 3 8 9
该测试样本的真实类标为0.0
基于欧式距离排序： 0 2 1 7 5 6 4 3 8 9
该测试样本的真实类标为1.0
基于欧式距离排序： 1 2 7 5 0 6 4 8 3 9
该测试样本的真实类标为0.0
基于欧式距离排序： 6 7 5 2 0 3 4 1 8 9
该测试样本的真实类标为2.0
基于欧式距离排序： 2 7 1 5 0 6 4 3 8 9
该测试样本的真实类标为4.0
基于欧式距离排序： 3 4 6 7 0 2 5 1 8 9
该测试样本的真实类标为0.0
基于欧式距离排序： 0 6 1 2 5 3 7 4 8 9
该测试样本的真实类标为0.0
基于欧式距离排序： 0 2 1 7 5 6 4 3 8 9
该测试样本的真实类标为0.0
基于欧式距离排序： 8 0 2 7 6 1 4 5 3 9
该测试样本的真实类标为0.0
基于欧式距离排序： 0 2 1 6 7 5 4 3 8 9
该测试样本的真实类标为0.0
基于欧式距离排序： 0 2 1 5 7 6 4 8 3 9
该测试样本的真实类标为0.0
基于欧式距离排序： 0 2 1 7 6 5 4 3 8 9
该测试样本的真实类标为0.0
基于欧式距离排序： 0 6 7 4 2 3 1 5 8 9
该测试样本的真实类标为0.0
基于欧式距离排序： 0 6 2 7 1 5 4 3 8 9
该测试样本的真实类标为0.0
基于欧式距离排序： 5 7 2 6 0 1 3 4 8 9
该测试样本的真实类标为0.0
基于欧式距离排序： 0 2 7 1 5 6 4 3 8 9
该测试样本的真实类标为1.0
基于欧式距离排序： 2 1 7 5 0 6 4 8 3 9
该测试样本的真实类标为0.0
基于欧式距离排序： 6 7 0 3 2 4 5 1 8 9
该测试样本的真实类标为0.0
基于欧式距离排序： 0 6 3 7 4 2 5 1 8 9
该测试样本的真实类标为2.0
基于欧式距离排序： 5 7 2 1 0 4 6 3 8 9
该测试样本的真实类标为2.0
基于欧式距离排序： 9 2 5 1 7 0 4 6 3 8
该测试样本的真实类标为1.0
基于欧式距离排序： 7 2 0 1 6 5 4 3 8 9
该测试样本的真实类标为2.0
基于欧式距离排序： 2 7 1 5 6 0 4 3 8 9
该测试样本的真实类标为1.0
基于欧式距离排序： 6 2 7 0 1 5 3 4 8 9
该测试样本的真实类标为2.0
基于欧式距离排序： 5 2 1 7 0 4 6 8 3 9
该测试样本的真实类标为2.0
基于欧式距离排序： 5 2 1 0 7 6 4 3 8 9
该测试样本的真实类标为1.0
基于欧式距离排序： 2 1 7 5 0 6 4 8 3 9
该测试样本的真实类标为1.0
基于欧式距离排序： 6 3 7 4 0 2 5 1 8 9
该测试样本的真实类标为1.0
基于欧式距离排序： 6 7 4 3 2 0 5 1 8 9
该测试样本的真实类标为1.0
基于欧式距离排序： 1 2 5 0 7 4 6 8 3 9
该测试样本的真实类标为0.0
基于欧式距离排序： 2 1 7 5 0 6 4 3 8 9
该测试样本的真实类标为2.0
基于欧式距离排序： 0 2 7 5 1 6 4 3 8 9
该测试样本的真实类标为0.0
基于欧式距离排序： 6 0 3 7 2 4 5 1 8 9
该测试样本的真实类标为0.0
基于欧式距离排序： 2 0 7 1 6 5 4 3 8 9
该测试样本的真实类标为1.0
基于欧式距离排序： 1 2 5 7 0 6 4 3 8 9
该测试样本的真实类标为6.0
基于欧式距离排序： 6 3 4 7 0 2 5 1 8 9
该测试样本的真实类标为5.0
基于欧式距离排序： 5 1 2 7 0 4 6 8 3 9
该测试样本的真实类标为6.0
基于欧式距离排序： 6 3 4 0 7 2 5 1 8 9
该测试样本的真实类标为5.0
基于欧式距离排序： 5 0 7 1 3 2 6 4 8 9
该测试样本的真实类标为5.0
基于欧式距离排序： 5 2 1 7 0 6 4 3 8 9
该测试样本的真实类标为5.0
基于欧式距离排序： 5 1 2 7 0 6 4 3 8 9
该测试样本的真实类标为1.0
基于欧式距离排序： 5 1 2 7 0 6 4 8 3 9
该测试样本的真实类标为1.0
基于欧式距离排序： 1 2 5 7 0 4 6 8 3 9
该测试样本的真实类标为1.0
基于欧式距离排序： 9 1 2 5 7 0 4 6 8 3
该测试样本的真实类标为1.0
基于欧式距离排序： 2 1 7 0 5 6 4 3 8 9
该测试样本的真实类标为1.0
基于欧式距离排序： 1 5 2 7 0 4 6 8 3 9
该测试样本的真实类标为2.0
基于欧式距离排序： 2 5 7 1 0 6 4 3 8 9
该测试样本的真实类标为2.0
基于欧式距离排序： 2 5 1 7 0 6 4 8 3 9
该测试样本的真实类标为2.0
基于欧式距离排序： 2 1 5 0 7 4 6 8 3 9
该测试样本的真实类标为5.0
基于欧式距离排序： 5 1 2 7 0 4 6 8 3 9
该测试样本的真实类标为2.0
基于欧式距离排序： 2 1 5 7 0 6 4 3 8 9
该测试样本的真实类标为0.0
基于欧式距离排序： 6 3 4 0 7 2 5 1 8 9
该测试样本的真实类标为1.0
基于欧式距离排序： 2 1 5 7 0 4 6 8 3 9
该测试样本的真实类标为1.0
基于欧式距离排序： 2 5 1 7 0 6 4 3 8 9
该测试样本的真实类标为1.0
基于欧式距离排序： 2 7 5 1 0 6 4 3 8 9
该测试样本的真实类标为1.0
基于欧式距离排序： 1 5 2 7 0 6 4 3 8 9
该测试样本的真实类标为1.0
基于欧式距离排序： 1 2 5 0 7 6 4 8 3 9
该测试样本的真实类标为1.0
基于欧式距离排序： 1 7 5 2 0 6 3 4 8 9
该测试样本的真实类标为2.0
基于欧式距离排序： 5 2 7 1 0 6 4 3 8 9
该测试样本的真实类标为1.0
基于欧式距离排序： 0 2 1 7 5 6 4 3 8 9
该测试样本的真实类标为5.0
基于欧式距离排序： 5 7 2 1 6 0 3 4 8 9
该测试样本的真实类标为1.0
基于欧式距离排序： 2 7 1 0 5 6 4 3 8 9
该测试样本的真实类标为2.0
基于欧式距离排序： 2 5 7 1 0 6 4 3 8 9
该测试样本的真实类标为1.0
基于欧式距离排序： 2 7 1 5 0 6 4 3 8 9
该测试样本的真实类标为1.0
基于欧式距离排序： 0 1 2 5 7 6 4 3 8 9
该测试样本的真实类标为1.0
基于欧式距离排序： 2 1 5 7 0 4 6 8 3 9
该测试样本的真实类标为1.0
基于欧式距离排序： 2 0 1 7 6 5 4 3 8 9
该测试样本的真实类标为2.0
基于欧式距离排序： 7 2 5 1 6 0 4 3 8 9
该测试样本的真实类标为2.0
基于欧式距离排序： 2 7 1 0 5 6 4 3 8 9
该测试样本的真实类标为2.0
基于欧式距离排序： 0 2 1 5 7 6 4 8 3 9
该测试样本的真实类标为2.0
基于欧式距离排序： 6 3 7 0 4 2 5 1 8 9
该测试样本的真实类标为2.0
基于欧式距离排序： 0 2 1 7 6 5 8 4 3 9
该测试样本的真实类标为2.0
基于欧式距离排序： 0 2 5 1 7 4 6 3 8 9
该测试样本的真实类标为2.0
基于欧式距离排序： 2 1 7 0 5 6 4 3 8 9
该测试样本的真实类标为2.0
基于欧式距离排序： 2 1 7 0 5 6 4 3 8 9
该测试样本的真实类标为2.0
基于欧式距离排序： 2 1 5 7 0 6 4 8 3 9
该测试样本的真实类标为2.0
基于欧式距离排序： 2 0 1 5 7 6 4 3 8 9
该测试样本的真实类标为2.0
基于欧式距离排序： 0 2 1 7 5 6 4 3 8 9
该测试样本的真实类标为2.0
基于欧式距离排序： 0 2 5 1 7 6 4 3 8 9
该测试样本的真实类标为2.0
基于欧式距离排序： 1 2 0 5 7 6 4 8 3 9
该测试样本的真实类标为3.0
基于欧式距离排序： 3 6 4 7 0 2 5 1 8 9
该测试样本的真实类标为2.0
基于欧式距离排序： 1 5 2 7 0 6 4 3 8 9
该测试样本的真实类标为0.0
基于欧式距离排序： 0 2 7 5 6 1 4 3 8 9
该测试样本的真实类标为2.0
基于欧式距离排序： 2 1 7 5 0 6 4 8 3 9
该测试样本的真实类标为2.0
基于欧式距离排序： 5 2 7 1 0 6 4 3 8 9
该测试样本的真实类标为2.0
基于欧式距离排序： 2 1 7 5 0 6 4 8 3 9
该测试样本的真实类标为4.0
基于欧式距离排序： 5 7 2 1 6 0 3 4 8 9
该测试样本的真实类标为2.0
基于欧式距离排序： 1 2 5 7 0 6 4 8 3 9
该测试样本的真实类标为3.0
基于欧式距离排序： 3 6 4 0 7 5 2 1 8 9
该测试样本的真实类标为5.0
基于欧式距离排序： 5 2 1 7 0 4 6 8 3 9
该测试样本的真实类标为1.0
基于欧式距离排序： 1 5 2 7 0 4 6 3 8 9
该测试样本的真实类标为1.0
基于欧式距离排序： 5 2 0 1 7 6 4 3 8 9
该测试样本的真实类标为1.0
基于欧式距离排序： 2 7 1 5 0 6 4 3 8 9
该测试样本的真实类标为0.0
基于欧式距离排序： 7 5 2 6 1 0 3 4 8 9
该测试样本的真实类标为4.0
基于欧式距离排序： 3 6 4 7 5 2 0 1 8 9
该测试样本的真实类标为1.0
基于欧式距离排序： 2 1 7 5 0 6 4 3 8 9
该测试样本的真实类标为1.0
基于欧式距离排序： 1 2 5 7 0 4 6 8 3 9
该测试样本的真实类标为1.0
基于欧式距离排序： 5 1 2 7 0 6 4 3 8 9
该测试样本的真实类标为1.0
基于欧式距离排序： 1 2 5 7 0 6 4 3 8 9
该测试样本的真实类标为1.0
基于欧式距离排序： 2 1 7 0 5 6 4 3 8 9
该测试样本的真实类标为0.0
基于欧式距离排序： 0 2 1 7 6 5 4 3 8 9
该测试样本的真实类标为1.0
基于欧式距离排序： 2 1 5 0 7 6 4 3 8 9
该测试样本的真实类标为1.0
基于欧式距离排序： 5 2 7 1 0 6 4 3 8 9
该测试样本的真实类标为1.0
基于欧式距离排序： 2 7 1 5 0 6 4 3 8 9
该测试样本的真实类标为1.0
基于欧式距离排序： 2 1 5 7 0 4 6 8 3 9
该测试样本的真实类标为2.0
基于欧式距离排序： 1 2 7 0 6 5 4 3 8 9
该测试样本的真实类标为2.0
基于欧式距离排序： 2 7 1 5 0 6 4 3 8 9
该测试样本的真实类标为5.0
基于欧式距离排序： 5 2 7 1 0 4 6 3 8 9
该测试样本的真实类标为5.0
基于欧式距离排序： 5 7 2 1 0 6 3 4 8 9
该测试样本的真实类标为2.0
基于欧式距离排序： 2 1 0 5 7 6 4 8 3 9
该测试样本的真实类标为5.0
基于欧式距离排序： 5 7 2 1 0 6 4 3 8 9
该测试样本的真实类标为3.0
基于欧式距离排序： 3 6 4 7 0 5 2 1 8 9
该测试样本的真实类标为0.0
基于欧式距离排序： 1 2 0 5 7 8 4 6 3 9
该测试样本的真实类标为7.0
基于欧式距离排序： 5 7 2 1 4 0 6 3 8 9
该测试样本的真实类标为6.0
基于欧式距离排序： 6 3 4 7 0 2 1 5 8 9
该测试样本的真实类标为2.0
基于欧式距离排序： 2 7 0 1 5 6 4 3 8 9
该测试样本的真实类标为2.0
基于欧式距离排序： 5 2 7 1 0 6 4 3 8 9
该测试样本的真实类标为2.0
基于欧式距离排序： 7 2 5 1 0 4 6 3 8 9
该测试样本的真实类标为2.0
基于欧式距离排序： 2 7 1 5 0 6 4 3 8 9
该测试样本的真实类标为2.0
基于欧式距离排序： 7 2 5 6 0 1 4 3 8 9
该测试样本的真实类标为2.0
基于欧式距离排序： 2 7 1 5 0 6 4 3 8 9
该测试样本的真实类标为2.0
基于欧式距离排序： 0 2 1 7 5 4 6 3 8 9
该测试样本的真实类标为1.0
基于欧式距离排序： 2 7 1 5 0 6 4 3 8 9
该测试样本的真实类标为2.0
基于欧式距离排序： 7 2 5 1 4 6 0 3 8 9
该测试样本的真实类标为2.0
基于欧式距离排序： 7 2 5 1 4 6 0 3 8 9
该测试样本的真实类标为1.0
基于欧式距离排序： 6 3 7 0 5 4 2 1 8 9
该测试样本的真实类标为2.0
基于欧式距离排序： 2 1 5 7 0 4 6 8 3 9
该测试样本的真实类标为2.0
基于欧式距离排序： 2 1 5 0 7 6 4 8 3 9
该测试样本的真实类标为2.0
基于欧式距离排序： 1 2 7 5 0 6 4 3 8 9
该测试样本的真实类标为2.0
基于欧式距离排序： 2 5 1 7 0 6 4 3 8 9
该测试样本的真实类标为2.0
基于欧式距离排序： 2 5 1 0 7 6 4 3 8 9
该测试样本的真实类标为2.0
基于欧式距离排序： 2 1 7 5 0 6 4 3 8 9
该测试样本的真实类标为5.0
基于欧式距离排序： 0 1 5 7 2 6 4 3 8 9
该测试样本的真实类标为2.0
基于欧式距离排序： 2 5 1 7 0 6 4 8 3 9
该测试样本的真实类标为1.0
基于欧式距离排序： 0 2 5 7 1 6 4 3 8 9
该测试样本的真实类标为1.0
基于欧式距离排序： 1 2 0 5 7 6 4 3 8 9
该测试样本的真实类标为2.0
基于欧式距离排序： 2 7 5 1 0 6 4 3 8 9
该测试样本的真实类标为2.0
基于欧式距离排序： 2 5 7 0 1 6 4 3 8 9
该测试样本的真实类标为7.0
基于欧式距离排序： 2 7 5 1 0 4 6 3 8 9
该测试样本的真实类标为0.0
基于欧式距离排序： 7 2 0 1 5 4 6 3 8 9
该测试样本的真实类标为2.0
基于欧式距离排序： 0 1 2 5 7 6 4 3 8 9
该测试样本的真实类标为7.0
基于欧式距离排序： 3 6 4 7 5 2 0 1 8 9
该测试样本的真实类标为7.0
基于欧式距离排序： 5 7 2 6 4 3 1 0 8 9
该测试样本的真实类标为2.0
基于欧式距离排序： 2 5 7 1 0 6 4 3 8 9
该测试样本的真实类标为2.0
基于欧式距离排序： 2 0 7 5 1 6 4 3 8 9
该测试样本的真实类标为5.0
基于欧式距离排序： 5 7 2 1 0 4 6 3 8 9
该测试样本的真实类标为3.0
基于欧式距离排序： 3 6 4 7 0 5 2 1 8 9
该测试样本的真实类标为8.0
基于欧式距离排序： 8 5 2 1 7 0 6 4 3 9
该测试样本的真实类标为3.0
基于欧式距离排序： 3 6 4 7 5 2 0 1 8 9
该测试样本的真实类标为5.0
基于欧式距离排序： 5 7 0 2 1 6 3 4 8 9
该测试样本的真实类标为5.0
基于欧式距离排序： 5 2 7 0 1 4 6 3 8 9
该测试样本的真实类标为5.0
基于欧式距离排序： 5 2 1 7 0 6 4 3 8 9
该测试样本的真实类标为5.0
基于欧式距离排序： 6 3 7 4 5 2 0 1 8 9
该测试样本的真实类标为1.0
基于欧式距离排序： 2 1 7 0 5 6 4 8 3 9
该测试样本的真实类标为1.0
基于欧式距离排序： 1 2 5 7 0 6 4 8 3 9
该测试样本的真实类标为4.0
基于欧式距离排序： 6 3 0 4 7 5 2 1 8 9
该测试样本的真实类标为0.0
基于欧式距离排序： 5 7 2 1 6 0 4 3 8 9
该测试样本的真实类标为1.0
基于欧式距离排序： 1 2 5 7 0 4 6 8 3 9
该测试样本的真实类标为1.0
基于欧式距离排序： 5 1 2 7 0 4 6 3 8 9
该测试样本的真实类标为1.0
基于欧式距离排序： 6 7 1 3 2 0 5 4 8 9
该测试样本的真实类标为2.0
基于欧式距离排序： 2 0 1 7 5 6 4 8 3 9
该测试样本的真实类标为2.0
基于欧式距离排序： 7 2 6 1 4 0 5 3 8 9
该测试样本的真实类标为2.0
基于欧式距离排序： 2 7 1 5 0 6 4 3 8 9
该测试样本的真实类标为2.0
基于欧式距离排序： 7 2 0 5 1 6 4 3 8 9
该测试样本的真实类标为0.0
基于欧式距离排序： 6 0 2 7 4 1 3 5 8 9
该测试样本的真实类标为1.0
基于欧式距离排序： 1 2 5 7 0 4 6 8 3 9
该测试样本的真实类标为0.0
基于欧式距离排序： 0 6 7 3 2 4 5 1 8 9
该测试样本的真实类标为1.0
基于欧式距离排序： 5 2 1 0 7 6 4 3 8 9
该测试样本的真实类标为0.0
基于欧式距离排序： 2 1 7 5 0 6 4 8 3 9
该测试样本的真实类标为2.0
基于欧式距离排序： 4 6 7 3 2 0 1 5 8 9
该测试样本的真实类标为1.0
基于欧式距离排序： 2 1 5 7 0 6 4 8 3 9
该测试样本的真实类标为5.0
基于欧式距离排序： 5 2 1 7 0 4 6 8 3 9
该测试样本的真实类标为1.0
基于欧式距离排序： 1 2 5 7 0 4 6 8 3 9
该测试样本的真实类标为1.0
基于欧式距离排序： 2 1 5 7 0 6 4 8 3 9
该测试样本的真实类标为1.0
基于欧式距离排序： 2 1 0 5 7 4 6 8 3 9
该测试样本的真实类标为2.0
基于欧式距离排序： 6 7 3 4 2 0 5 1 8 9
该测试样本的真实类标为5.0
基于欧式距离排序： 5 2 1 7 0 6 4 3 8 9
该测试样本的真实类标为0.0
基于欧式距离排序： 6 3 4 0 7 2 1 5 8 9
该测试样本的真实类标为1.0
基于欧式距离排序： 1 5 2 7 0 4 6 8 3 9
该测试样本的真实类标为7.0
基于欧式距离排序： 5 2 1 7 0 6 4 3 8 9
该测试样本的真实类标为0.0
基于欧式距离排序： 0 5 2 1 7 6 4 3 8 9
该测试样本的真实类标为7.0
基于欧式距离排序： 6 3 4 7 0 2 5 1 8 9
该测试样本的真实类标为2.0
基于欧式距离排序： 2 7 1 5 6 0 4 3 8 9
该测试样本的真实类标为1.0
基于欧式距离排序： 2 1 5 7 0 4 6 8 3 9
该测试样本的真实类标为2.0
基于欧式距离排序： 1 2 0 7 5 6 4 3 8 9
该测试样本的真实类标为5.0
基于欧式距离排序： 5 7 2 1 0 4 6 3 8 9
该测试样本的真实类标为2.0
基于欧式距离排序： 2 7 1 5 0 4 6 3 8 9
该测试样本的真实类标为5.0
基于欧式距离排序： 5 2 1 7 0 6 4 3 8 9
该测试样本的真实类标为2.0
基于欧式距离排序： 1 2 5 7 0 6 4 3 8 9
该测试样本的真实类标为2.0
基于欧式距离排序： 2 7 0 1 5 6 4 3 8 9
该测试样本的真实类标为1.0
基于欧式距离排序： 5 1 2 7 0 4 6 3 8 9
该测试样本的真实类标为1.0
基于欧式距离排序： 1 5 2 7 0 4 6 8 3 9
该测试样本的真实类标为4.0
基于欧式距离排序： 3 6 4 7 5 2 0 1 8 9
正确率(2)：0.7407407407407407正确率(3)：0.8585858585858586正确率(4)：0.9090909090909091