该测试样本的真实类标为0.0
基于欧式距离排序： 0 3 1 4 5 2
该测试样本的真实类标为2.0
基于欧式距离排序： 2 3 1 4 5 0
该测试样本的真实类标为3.0
基于欧式距离排序： 3 1 4 5 0 2
该测试样本的真实类标为3.0
基于欧式距离排序： 3 1 4 5 0 2
该测试样本的真实类标为4.0
基于欧式距离排序： 4 1 3 5 0 2
该测试样本的真实类标为4.0
基于欧式距离排序： 4 3 1 5 0 2
该测试样本的真实类标为1.0
基于欧式距离排序： 1 3 5 4 0 2
该测试样本的真实类标为1.0
基于欧式距离排序： 1 3 4 5 2 0
该测试样本的真实类标为0.0
基于欧式距离排序： 0 4 3 1 5 2
该测试样本的真实类标为0.0
基于欧式距离排序： 0 3 4 1 5 2
该测试样本的真实类标为5.0
基于欧式距离排序： 5 3 1 4 0 2
该测试样本的真实类标为2.0
基于欧式距离排序： 2 3 1 4 5 0
该测试样本的真实类标为1.0
基于欧式距离排序： 1 3 4 5 0 2
该测试样本的真实类标为1.0
基于欧式距离排序： 1 3 4 5 2 0
该测试样本的真实类标为0.0
基于欧式距离排序： 3 0 1 4 5 2
该测试样本的真实类标为0.0
基于欧式距离排序： 1 0 4 3 5 2
该测试样本的真实类标为0.0
基于欧式距离排序： 0 4 3 5 1 2
该测试样本的真实类标为0.0
基于欧式距离排序： 0 3 4 1 5 2
该测试样本的真实类标为5.0
基于欧式距离排序： 5 3 1 4 0 2
该测试样本的真实类标为2.0
基于欧式距离排序： 2 3 1 4 5 0
该测试样本的真实类标为1.0
基于欧式距离排序： 1 3 4 5 0 2
该测试样本的真实类标为2.0
基于欧式距离排序： 2 3 1 4 5 0
该测试样本的真实类标为4.0
基于欧式距离排序： 4 3 1 5 0 2
该测试样本的真实类标为5.0
基于欧式距离排序： 5 3 1 4 0 2
该测试样本的真实类标为4.0
基于欧式距离排序： 4 3 1 5 0 2
该测试样本的真实类标为0.0
基于欧式距离排序： 0 3 4 1 5 2
该测试样本的真实类标为4.0
基于欧式距离排序： 4 3 1 5 0 2
该测试样本的真实类标为1.0
基于欧式距离排序： 1 3 4 5 0 2
该测试样本的真实类标为0.0
基于欧式距离排序： 0 4 1 3 5 2
该测试样本的真实类标为2.0
基于欧式距离排序： 2 3 1 4 5 0
该测试样本的真实类标为4.0
基于欧式距离排序： 4 1 3 5 0 2
该测试样本的真实类标为2.0
基于欧式距离排序： 2 3 1 4 5 0
该测试样本的真实类标为2.0
基于欧式距离排序： 2 1 3 4 5 0
该测试样本的真实类标为1.0
基于欧式距离排序： 3 1 4 5 0 2
该测试样本的真实类标为3.0
基于欧式距离排序： 3 1 4 5 0 2
该测试样本的真实类标为1.0
基于欧式距离排序： 3 1 4 5 2 0
该测试样本的真实类标为5.0
基于欧式距离排序： 5 3 1 4 0 2
该测试样本的真实类标为2.0
基于欧式距离排序： 2 3 1 4 5 0
该测试样本的真实类标为3.0
基于欧式距离排序： 3 1 4 5 0 2
该测试样本的真实类标为0.0
基于欧式距离排序： 0 4 3 1 5 2
该测试样本的真实类标为0.0
基于欧式距离排序： 0 3 4 1 5 2
该测试样本的真实类标为0.0
基于欧式距离排序： 0 4 3 1 5 2
该测试样本的真实类标为0.0
基于欧式距离排序： 0 3 4 1 5 2
该测试样本的真实类标为2.0
基于欧式距离排序： 2 3 1 4 5 0
该测试样本的真实类标为1.0
基于欧式距离排序： 1 3 4 5 0 2
该测试样本的真实类标为1.0
基于欧式距离排序： 3 1 4 5 0 2
该测试样本的真实类标为1.0
基于欧式距离排序： 3 1 5 4 0 2
该测试样本的真实类标为4.0
基于欧式距离排序： 4 3 1 5 0 2
该测试样本的真实类标为4.0
基于欧式距离排序： 4 3 1 5 0 2
该测试样本的真实类标为3.0
基于欧式距离排序： 3 1 4 5 2 0
该测试样本的真实类标为3.0
基于欧式距离排序： 3 1 4 5 0 2
该测试样本的真实类标为4.0
基于欧式距离排序： 4 3 1 5 0 2
该测试样本的真实类标为0.0
基于欧式距离排序： 0 3 4 1 5 2
该测试样本的真实类标为0.0
基于欧式距离排序： 0 4 5 1 3 2
该测试样本的真实类标为0.0
基于欧式距离排序： 0 4 1 3 5 2
该测试样本的真实类标为0.0
基于欧式距离排序： 0 3 4 1 5 2
该测试样本的真实类标为2.0
基于欧式距离排序： 2 3 1 4 5 0
该测试样本的真实类标为2.0
基于欧式距离排序： 2 3 1 4 5 0
该测试样本的真实类标为3.0
基于欧式距离排序： 3 1 4 5 0 2
该测试样本的真实类标为3.0
基于欧式距离排序： 3 1 4 5 0 2
该测试样本的真实类标为1.0
基于欧式距离排序： 3 1 4 5 0 2
该测试样本的真实类标为2.0
基于欧式距离排序： 2 3 1 4 5 0
该测试样本的真实类标为0.0
基于欧式距离排序： 0 4 3 1 5 2
该测试样本的真实类标为2.0
基于欧式距离排序： 2 3 1 4 5 0
该测试样本的真实类标为3.0
基于欧式距离排序： 3 1 4 5 0 2
该测试样本的真实类标为0.0
基于欧式距离排序： 0 4 3 5 1 2
该测试样本的真实类标为0.0
基于欧式距离排序： 0 4 3 1 5 2
该测试样本的真实类标为3.0
基于欧式距离排序： 3 1 4 5 0 2
该测试样本的真实类标为0.0
基于欧式距离排序： 0 3 4 1 5 2
该测试样本的真实类标为2.0
基于欧式距离排序： 2 3 1 4 5 0
该测试样本的真实类标为0.0
基于欧式距离排序： 0 3 4 1 5 2
该测试样本的真实类标为0.0
基于欧式距离排序： 0 3 4 5 1 2
正确率(2)：1.0正确率(3)：1.0正确率(4)：1.0