该测试样本的真实类标为0.0
基于欧式距离排序： 7 6 4 5 2 0 1 3 8 9
该测试样本的真实类标为1.0
基于欧式距离排序： 7 6 2 1 5 0 4 8 3 9
该测试样本的真实类标为0.0
基于欧式距离排序： 7 0 6 2 1 4 5 8 3 9
该测试样本的真实类标为5.0
基于欧式距离排序： 7 1 5 2 6 0 4 8 3 9
该测试样本的真实类标为1.0
基于欧式距离排序： 7 0 1 5 2 6 4 8 3 9
该测试样本的真实类标为2.0
基于欧式距离排序： 7 5 1 2 6 0 8 4 3 9
该测试样本的真实类标为0.0
基于欧式距离排序： 7 6 2 1 5 0 4 8 3 9
该测试样本的真实类标为5.0
基于欧式距离排序： 5 7 1 6 2 0 4 8 3 9
该测试样本的真实类标为6.0
基于欧式距离排序： 4 6 3 7 0 5 2 1 8 9
该测试样本的真实类标为0.0
基于欧式距离排序： 3 6 4 7 0 5 2 1 8 9
该测试样本的真实类标为2.0
基于欧式距离排序： 6 7 4 0 2 1 5 3 8 9
该测试样本的真实类标为1.0
基于欧式距离排序： 1 5 7 2 0 6 8 4 3 9
该测试样本的真实类标为1.0
基于欧式距离排序： 1 7 5 2 0 6 4 8 3 9
该测试样本的真实类标为0.0
基于欧式距离排序： 7 6 4 5 3 0 1 2 8 9
该测试样本的真实类标为0.0
基于欧式距离排序： 0 7 6 4 2 1 5 8 3 9
该测试样本的真实类标为2.0
基于欧式距离排序： 7 5 6 0 1 2 4 8 3 9
该测试样本的真实类标为1.0
基于欧式距离排序： 7 5 1 2 6 0 8 4 3 9
该测试样本的真实类标为2.0
基于欧式距离排序： 7 5 1 2 0 6 8 4 3 9
该测试样本的真实类标为1.0
基于欧式距离排序： 7 6 5 1 2 0 4 8 3 9
该测试样本的真实类标为1.0
基于欧式距离排序： 6 7 4 2 0 1 5 3 8 9
该测试样本的真实类标为2.0
基于欧式距离排序： 7 5 0 1 2 6 4 8 3 9
该测试样本的真实类标为2.0
基于欧式距离排序： 7 1 5 2 0 6 4 8 3 9
该测试样本的真实类标为2.0
基于欧式距离排序： 7 5 1 2 0 6 4 8 3 9
该测试样本的真实类标为0.0
基于欧式距离排序： 4 6 7 0 3 2 5 1 8 9
该测试样本的真实类标为8.0
基于欧式距离排序： 8 7 5 2 0 1 6 4 3 9
该测试样本的真实类标为2.0
基于欧式距离排序： 0 2 1 7 5 6 4 8 3 9
该测试样本的真实类标为2.0
基于欧式距离排序： 0 7 6 1 5 2 4 8 3 9
该测试样本的真实类标为2.0
基于欧式距离排序： 7 6 0 1 4 2 5 8 3 9
该测试样本的真实类标为2.0
基于欧式距离排序： 7 5 1 2 6 0 8 4 3 9
该测试样本的真实类标为3.0
基于欧式距离排序： 3 6 4 7 0 5 2 1 8 9
该测试样本的真实类标为0.0
基于欧式距离排序： 7 6 0 4 5 1 2 3 8 9
该测试样本的真实类标为0.0
基于欧式距离排序： 0 7 5 2 1 6 4 8 3 9
该测试样本的真实类标为0.0
基于欧式距离排序： 0 7 2 1 6 5 4 8 3 9
该测试样本的真实类标为0.0
基于欧式距离排序： 6 7 4 3 0 5 2 1 8 9
该测试样本的真实类标为2.0
基于欧式距离排序： 7 6 5 0 1 2 4 8 3 9
该测试样本的真实类标为5.0
基于欧式距离排序： 7 5 6 1 2 4 0 8 3 9
该测试样本的真实类标为2.0
基于欧式距离排序： 7 6 2 1 0 5 4 8 3 9
该测试样本的真实类标为1.0
基于欧式距离排序： 5 7 2 1 6 0 8 4 3 9
该测试样本的真实类标为4.0
基于欧式距离排序： 7 6 4 3 0 5 2 1 8 9
该测试样本的真实类标为8.0
基于欧式距离排序： 8 7 2 1 5 6 0 4 3 9
该测试样本的真实类标为6.0
基于欧式距离排序： 6 3 4 7 0 9 2 1 8 5
该测试样本的真实类标为2.0
基于欧式距离排序： 7 2 1 6 0 5 8 4 3 9
该测试样本的真实类标为0.0
基于欧式距离排序： 7 0 6 5 2 1 4 8 3 9
该测试样本的真实类标为0.0
基于欧式距离排序： 7 6 2 1 5 0 4 8 3 9
该测试样本的真实类标为2.0
基于欧式距离排序： 7 1 2 5 6 0 8 4 3 9
该测试样本的真实类标为1.0
基于欧式距离排序： 5 7 2 1 0 6 8 4 3 9
该测试样本的真实类标为0.0
基于欧式距离排序： 0 7 6 1 4 2 5 3 8 9
该测试样本的真实类标为1.0
基于欧式距离排序： 7 6 1 5 2 0 4 8 3 9
该测试样本的真实类标为2.0
基于欧式距离排序： 7 5 1 2 0 6 4 8 3 9
该测试样本的真实类标为2.0
基于欧式距离排序： 7 0 6 5 1 2 4 8 3 9
该测试样本的真实类标为4.0
基于欧式距离排序： 7 4 6 3 0 5 2 1 8 9
该测试样本的真实类标为4.0
基于欧式距离排序： 7 6 5 4 1 2 0 8 3 9
该测试样本的真实类标为5.0
基于欧式距离排序： 5 7 1 2 6 0 4 8 3 9
该测试样本的真实类标为5.0
基于欧式距离排序： 7 6 5 4 0 1 2 8 3 9
该测试样本的真实类标为6.0
基于欧式距离排序： 3 6 4 7 0 9 5 8 1 2
该测试样本的真实类标为8.0
基于欧式距离排序： 7 5 6 1 2 0 4 8 3 9
该测试样本的真实类标为3.0
基于欧式距离排序： 6 4 3 7 0 5 2 1 8 9
该测试样本的真实类标为3.0
基于欧式距离排序： 3 4 0 6 7 1 9 5 2 8
该测试样本的真实类标为2.0
基于欧式距离排序： 7 6 4 1 5 2 0 8 3 9
该测试样本的真实类标为1.0
基于欧式距离排序： 7 6 1 5 2 4 0 8 3 9
该测试样本的真实类标为1.0
基于欧式距离排序： 7 5 1 2 6 0 4 8 3 9
该测试样本的真实类标为1.0
基于欧式距离排序： 7 0 1 6 5 2 4 8 3 9
该测试样本的真实类标为2.0
基于欧式距离排序： 5 7 1 2 0 6 8 4 3 9
该测试样本的真实类标为2.0
基于欧式距离排序： 7 5 6 1 2 0 4 8 3 9
该测试样本的真实类标为1.0
基于欧式距离排序： 7 6 1 2 5 0 4 8 3 9
该测试样本的真实类标为1.0
基于欧式距离排序： 7 5 1 6 2 0 4 8 3 9
该测试样本的真实类标为2.0
基于欧式距离排序： 7 6 2 1 0 5 4 8 3 9
该测试样本的真实类标为2.0
基于欧式距离排序： 7 5 1 2 6 0 8 4 3 9
该测试样本的真实类标为1.0
基于欧式距离排序： 7 5 1 6 2 0 4 8 3 9
该测试样本的真实类标为1.0
基于欧式距离排序： 0 7 1 5 4 6 2 3 8 9
该测试样本的真实类标为2.0
基于欧式距离排序： 7 5 1 2 6 0 4 8 3 9
该测试样本的真实类标为5.0
基于欧式距离排序： 7 5 0 6 1 2 4 8 3 9
该测试样本的真实类标为1.0
基于欧式距离排序： 7 6 1 2 5 0 4 8 3 9
该测试样本的真实类标为1.0
基于欧式距离排序： 7 5 1 6 0 2 4 8 3 9
该测试样本的真实类标为1.0
基于欧式距离排序： 7 5 1 2 0 6 4 8 3 9
该测试样本的真实类标为2.0
基于欧式距离排序： 7 6 1 5 4 2 0 8 3 9
该测试样本的真实类标为1.0
基于欧式距离排序： 7 1 2 5 0 6 8 4 3 9
该测试样本的真实类标为5.0
基于欧式距离排序： 5 7 6 0 1 2 4 8 3 9
该测试样本的真实类标为1.0
基于欧式距离排序： 1 7 2 5 0 6 8 4 3 9
该测试样本的真实类标为5.0
基于欧式距离排序： 5 7 1 2 0 6 4 8 3 9
该测试样本的真实类标为5.0
基于欧式距离排序： 7 5 6 1 0 4 2 8 3 9
该测试样本的真实类标为0.0
基于欧式距离排序： 0 7 6 5 1 2 4 8 3 9
该测试样本的真实类标为0.0
基于欧式距离排序： 7 6 4 0 2 1 5 3 8 9
该测试样本的真实类标为0.0
基于欧式距离排序： 7 6 5 4 1 2 0 8 3 9
该测试样本的真实类标为1.0
基于欧式距离排序： 1 2 7 5 6 0 8 4 3 9
该测试样本的真实类标为5.0
基于欧式距离排序： 7 5 1 6 2 0 4 8 3 9
该测试样本的真实类标为5.0
基于欧式距离排序： 7 6 4 0 3 5 1 2 8 9
该测试样本的真实类标为9.0
基于欧式距离排序： 9 4 3 6 7 0 5 1 2 8
该测试样本的真实类标为0.0
基于欧式距离排序： 0 7 1 6 2 5 4 8 3 9
该测试样本的真实类标为5.0
基于欧式距离排序： 5 7 1 2 0 6 8 4 3 9
该测试样本的真实类标为6.0
基于欧式距离排序： 3 6 4 7 0 9 8 2 1 5
该测试样本的真实类标为2.0
基于欧式距离排序： 7 1 5 2 6 0 4 8 3 9
该测试样本的真实类标为4.0
基于欧式距离排序： 4 6 7 3 0 5 2 1 8 9
该测试样本的真实类标为4.0
基于欧式距离排序： 6 7 3 4 0 5 1 2 8 9
该测试样本的真实类标为4.0
基于欧式距离排序： 3 4 6 7 0 5 9 8 2 1
该测试样本的真实类标为1.0
基于欧式距离排序： 7 5 1 2 0 6 4 8 3 9
该测试样本的真实类标为2.0
基于欧式距离排序： 7 6 5 1 2 4 0 8 3 9
该测试样本的真实类标为1.0
基于欧式距离排序： 7 5 6 2 1 0 4 8 3 9
该测试样本的真实类标为2.0
基于欧式距离排序： 7 5 6 1 2 0 4 8 3 9
该测试样本的真实类标为1.0
基于欧式距离排序： 7 6 4 1 0 2 5 3 8 9
该测试样本的真实类标为1.0
基于欧式距离排序： 7 1 2 5 0 6 8 4 3 9
该测试样本的真实类标为1.0
基于欧式距离排序： 7 1 6 2 5 0 4 8 3 9
该测试样本的真实类标为0.0
基于欧式距离排序： 0 6 7 4 3 2 1 5 8 9
该测试样本的真实类标为1.0
基于欧式距离排序： 1 5 7 2 0 6 8 4 3 9
该测试样本的真实类标为0.0
基于欧式距离排序： 0 2 7 1 6 5 4 8 3 9
该测试样本的真实类标为0.0
基于欧式距离排序： 0 7 1 2 6 5 4 8 3 9
该测试样本的真实类标为1.0
基于欧式距离排序： 1 7 2 5 6 0 8 4 3 9
该测试样本的真实类标为0.0
基于欧式距离排序： 7 6 4 5 0 2 1 3 8 9
该测试样本的真实类标为2.0
基于欧式距离排序： 7 6 1 2 5 0 4 8 3 9
该测试样本的真实类标为4.0
基于欧式距离排序： 4 6 7 3 0 5 1 2 8 9
该测试样本的真实类标为0.0
基于欧式距离排序： 0 6 3 1 7 4 2 5 8 9
该测试样本的真实类标为0.0
基于欧式距离排序： 7 0 2 1 6 5 4 8 3 9
该测试样本的真实类标为0.0
基于欧式距离排序： 8 7 0 6 2 4 1 5 3 9
该测试样本的真实类标为0.0
基于欧式距离排序： 0 7 6 1 2 4 5 8 3 9
该测试样本的真实类标为0.0
基于欧式距离排序： 0 7 2 1 5 6 8 4 3 9
该测试样本的真实类标为0.0
基于欧式距离排序： 7 6 0 1 2 5 4 8 3 9
该测试样本的真实类标为0.0
基于欧式距离排序： 0 6 7 4 1 3 2 5 8 9
该测试样本的真实类标为0.0
基于欧式距离排序： 0 7 6 4 1 2 5 3 8 9
该测试样本的真实类标为0.0
基于欧式距离排序： 7 6 5 1 2 0 4 8 3 9
该测试样本的真实类标为0.0
基于欧式距离排序： 7 0 6 1 5 2 4 8 3 9
该测试样本的真实类标为1.0
基于欧式距离排序： 7 1 2 6 5 0 4 8 3 9
该测试样本的真实类标为0.0
基于欧式距离排序： 7 6 4 0 5 2 1 3 8 9
该测试样本的真实类标为0.0
基于欧式距离排序： 0 6 7 4 3 5 2 1 8 9
该测试样本的真实类标为2.0
基于欧式距离排序： 7 5 6 1 2 4 0 8 3 9
该测试样本的真实类标为2.0
基于欧式距离排序： 9 7 5 1 2 6 0 4 8 3
该测试样本的真实类标为1.0
基于欧式距离排序： 7 6 1 0 5 4 2 8 3 9
该测试样本的真实类标为2.0
基于欧式距离排序： 7 6 1 5 2 0 4 8 3 9
该测试样本的真实类标为1.0
基于欧式距离排序： 6 7 4 1 5 2 0 3 8 9
该测试样本的真实类标为2.0
基于欧式距离排序： 5 7 1 2 6 0 4 8 3 9
该测试样本的真实类标为2.0
基于欧式距离排序： 5 7 1 0 2 6 4 8 3 9
该测试样本的真实类标为1.0
基于欧式距离排序： 7 1 2 5 0 6 8 4 3 9
该测试样本的真实类标为1.0
基于欧式距离排序： 6 7 4 3 0 5 1 2 8 9
该测试样本的真实类标为1.0
基于欧式距离排序： 7 6 4 0 5 2 1 3 8 9
该测试样本的真实类标为1.0
基于欧式距离排序： 5 1 7 2 0 6 8 4 3 9
该测试样本的真实类标为0.0
基于欧式距离排序： 7 1 2 5 6 0 4 8 3 9
该测试样本的真实类标为2.0
基于欧式距离排序： 7 6 0 5 2 1 4 8 3 9
该测试样本的真实类标为0.0
基于欧式距离排序： 6 7 0 4 3 2 1 5 8 9
该测试样本的真实类标为0.0
基于欧式距离排序： 7 6 0 2 1 5 4 8 3 9
该测试样本的真实类标为1.0
基于欧式距离排序： 1 7 5 2 0 6 4 8 3 9
该测试样本的真实类标为6.0
基于欧式距离排序： 6 4 3 7 0 1 2 5 8 9
该测试样本的真实类标为5.0
基于欧式距离排序： 5 7 1 2 0 6 8 4 3 9
该测试样本的真实类标为6.0
基于欧式距离排序： 6 3 4 7 0 1 2 8 5 9
该测试样本的真实类标为5.0
基于欧式距离排序： 7 5 6 0 1 4 2 3 8 9
该测试样本的真实类标为5.0
基于欧式距离排序： 5 7 1 2 6 0 4 8 3 9
该测试样本的真实类标为5.0
基于欧式距离排序： 5 7 1 2 0 6 8 4 3 9
该测试样本的真实类标为1.0
基于欧式距离排序： 5 1 7 2 0 6 8 4 3 9
该测试样本的真实类标为1.0
基于欧式距离排序： 1 7 5 2 0 6 8 4 3 9
该测试样本的真实类标为1.0
基于欧式距离排序： 1 5 7 2 0 8 6 9 4 3
该测试样本的真实类标为1.0
基于欧式距离排序： 7 1 2 5 6 0 4 8 3 9
该测试样本的真实类标为1.0
基于欧式距离排序： 5 7 1 2 0 6 8 4 3 9
该测试样本的真实类标为2.0
基于欧式距离排序： 7 5 1 2 6 0 4 8 3 9
该测试样本的真实类标为2.0
基于欧式距离排序： 7 5 1 2 0 6 8 4 3 9
该测试样本的真实类标为2.0
基于欧式距离排序： 7 5 1 2 0 6 4 8 3 9
该测试样本的真实类标为5.0
基于欧式距离排序： 5 7 1 2 0 6 8 4 3 9
该测试样本的真实类标为2.0
基于欧式距离排序： 7 5 1 2 6 0 4 8 3 9
该测试样本的真实类标为0.0
基于欧式距离排序： 7 6 4 0 5 3 2 1 8 9
该测试样本的真实类标为1.0
基于欧式距离排序： 5 7 1 2 0 6 8 4 3 9
该测试样本的真实类标为1.0
基于欧式距离排序： 7 5 1 2 6 0 4 8 3 9
该测试样本的真实类标为1.0
基于欧式距离排序： 7 6 5 2 1 0 4 8 3 9
该测试样本的真实类标为1.0
基于欧式距离排序： 1 7 5 2 0 6 8 4 3 9
该测试样本的真实类标为1.0
基于欧式距离排序： 1 5 7 2 0 6 8 4 3 9
该测试样本的真实类标为1.0
基于欧式距离排序： 7 1 5 6 2 0 4 8 3 9
该测试样本的真实类标为2.0
基于欧式距离排序： 7 5 6 1 2 0 4 8 3 9
该测试样本的真实类标为1.0
基于欧式距离排序： 7 0 1 6 2 5 4 8 3 9
该测试样本的真实类标为5.0
基于欧式距离排序： 7 5 6 1 2 4 0 8 3 9
该测试样本的真实类标为1.0
基于欧式距离排序： 7 6 2 1 0 5 4 8 3 9
该测试样本的真实类标为2.0
基于欧式距离排序： 7 5 6 1 2 0 4 8 3 9
该测试样本的真实类标为1.0
基于欧式距离排序： 7 1 6 5 2 0 4 8 3 9
该测试样本的真实类标为1.0
基于欧式距离排序： 1 0 7 5 2 6 4 8 3 9
该测试样本的真实类标为1.0
基于欧式距离排序： 5 7 1 2 0 6 8 4 3 9
该测试样本的真实类标为1.0
基于欧式距离排序： 7 6 2 1 0 5 4 8 3 9
该测试样本的真实类标为2.0
基于欧式距离排序： 7 6 5 1 2 4 0 8 3 9
该测试样本的真实类标为2.0
基于欧式距离排序： 7 6 1 2 4 5 0 8 3 9
该测试样本的真实类标为2.0
基于欧式距离排序： 0 1 2 7 5 6 8 4 3 9
该测试样本的真实类标为2.0
基于欧式距离排序： 6 7 4 0 3 5 2 1 8 9
该测试样本的真实类标为2.0
基于欧式距离排序： 0 2 1 6 7 8 5 4 3 9
该测试样本的真实类标为2.0
基于欧式距离排序： 7 0 5 2 1 6 4 8 3 9
该测试样本的真实类标为2.0
基于欧式距离排序： 7 6 2 1 0 5 4 8 3 9
该测试样本的真实类标为2.0
基于欧式距离排序： 7 6 2 1 0 5 4 8 3 9
该测试样本的真实类标为2.0
基于欧式距离排序： 7 5 2 1 0 6 8 4 3 9
该测试样本的真实类标为2.0
基于欧式距离排序： 7 0 5 1 2 6 4 8 3 9
该测试样本的真实类标为2.0
基于欧式距离排序： 0 7 6 2 1 5 4 8 3 9
该测试样本的真实类标为2.0
基于欧式距离排序： 0 7 5 2 6 1 4 8 3 9
该测试样本的真实类标为2.0
基于欧式距离排序： 1 0 2 7 5 6 8 4 3 9
该测试样本的真实类标为3.0
基于欧式距离排序： 3 6 4 7 0 9 5 1 8 2
该测试样本的真实类标为2.0
基于欧式距离排序： 1 7 5 2 0 6 4 8 3 9
该测试样本的真实类标为0.0
基于欧式距离排序： 0 7 6 5 4 2 1 8 3 9
该测试样本的真实类标为2.0
基于欧式距离排序： 7 2 1 5 6 0 4 8 3 9
该测试样本的真实类标为2.0
基于欧式距离排序： 7 5 1 2 6 0 4 8 3 9
该测试样本的真实类标为2.0
基于欧式距离排序： 7 5 1 2 0 6 8 4 3 9
该测试样本的真实类标为4.0
基于欧式距离排序： 7 5 6 1 2 0 4 8 3 9
该测试样本的真实类标为2.0
基于欧式距离排序： 1 7 2 5 0 6 8 4 3 9
该测试样本的真实类标为3.0
基于欧式距离排序： 3 6 4 7 0 9 5 1 2 8
该测试样本的真实类标为5.0
基于欧式距离排序： 5 7 1 2 0 6 4 8 3 9
该测试样本的真实类标为1.0
基于欧式距离排序： 1 7 5 2 0 6 4 8 3 9
该测试样本的真实类标为1.0
基于欧式距离排序： 7 5 6 1 0 2 4 8 3 9
该测试样本的真实类标为1.0
基于欧式距离排序： 7 6 5 1 2 0 4 8 3 9
该测试样本的真实类标为0.0
基于欧式距离排序： 7 6 5 4 1 2 0 8 3 9
该测试样本的真实类标为4.0
基于欧式距离排序： 7 4 6 5 3 0 1 2 8 9
该测试样本的真实类标为1.0
基于欧式距离排序： 7 1 5 2 6 0 4 8 3 9
该测试样本的真实类标为1.0
基于欧式距离排序： 7 5 1 2 0 6 8 4 3 9
该测试样本的真实类标为1.0
基于欧式距离排序： 7 5 1 2 6 0 4 8 3 9
该测试样本的真实类标为1.0
基于欧式距离排序： 1 7 5 2 0 6 8 4 3 9
该测试样本的真实类标为1.0
基于欧式距离排序： 7 1 2 6 0 5 4 8 3 9
该测试样本的真实类标为0.0
基于欧式距离排序： 7 0 6 1 2 5 4 8 3 9
该测试样本的真实类标为1.0
基于欧式距离排序： 7 1 5 2 0 6 4 8 3 9
该测试样本的真实类标为1.0
基于欧式距离排序： 7 5 6 1 2 0 4 8 3 9
该测试样本的真实类标为1.0
基于欧式距离排序： 7 6 2 1 5 0 4 8 3 9
该测试样本的真实类标为1.0
基于欧式距离排序： 7 5 1 2 0 6 4 8 3 9
该测试样本的真实类标为2.0
基于欧式距离排序： 7 1 6 2 5 0 4 8 3 9
该测试样本的真实类标为2.0
基于欧式距离排序： 7 1 6 5 2 0 4 8 3 9
该测试样本的真实类标为5.0
基于欧式距离排序： 5 7 1 2 6 0 4 8 3 9
该测试样本的真实类标为5.0
基于欧式距离排序： 7 5 6 1 0 2 4 8 3 9
该测试样本的真实类标为2.0
基于欧式距离排序： 2 1 7 5 0 6 8 4 3 9
该测试样本的真实类标为5.0
基于欧式距离排序： 7 5 6 1 2 0 4 8 3 9
该测试样本的真实类标为3.0
基于欧式距离排序： 3 4 6 7 0 5 9 1 8 2
该测试样本的真实类标为0.0
基于欧式距离排序： 2 1 5 7 0 8 6 4 3 9
该测试样本的真实类标为7.0
基于欧式距离排序： 7 5 6 4 1 2 0 8 3 9
该测试样本的真实类标为6.0
基于欧式距离排序： 6 4 3 7 0 2 1 8 5 9
该测试样本的真实类标为2.0
基于欧式距离排序： 7 6 1 2 5 0 4 8 3 9
该测试样本的真实类标为2.0
基于欧式距离排序： 7 5 6 1 2 0 4 8 3 9
该测试样本的真实类标为2.0
基于欧式距离排序： 7 6 5 4 2 1 0 8 3 9
该测试样本的真实类标为2.0
基于欧式距离排序： 7 5 6 2 1 0 4 8 3 9
该测试样本的真实类标为2.0
基于欧式距离排序： 7 6 5 4 2 1 0 8 3 9
该测试样本的真实类标为2.0
基于欧式距离排序： 7 6 5 2 1 0 4 8 3 9
该测试样本的真实类标为2.0
基于欧式距离排序： 7 0 2 5 1 6 4 8 3 9
该测试样本的真实类标为1.0
基于欧式距离排序： 7 1 5 6 2 0 4 8 3 9
该测试样本的真实类标为2.0
基于欧式距离排序： 7 6 5 4 2 1 0 8 3 9
该测试样本的真实类标为2.0
基于欧式距离排序： 7 6 5 4 2 1 0 8 3 9
该测试样本的真实类标为1.0
基于欧式距离排序： 6 7 4 3 0 5 1 2 8 9
该测试样本的真实类标为2.0
基于欧式距离排序： 5 7 1 2 0 6 8 4 3 9
该测试样本的真实类标为2.0
基于欧式距离排序： 7 1 2 5 0 6 8 4 3 9
该测试样本的真实类标为2.0
基于欧式距离排序： 1 7 5 2 6 0 4 8 3 9
该测试样本的真实类标为2.0
基于欧式距离排序： 7 5 6 1 2 0 4 8 3 9
该测试样本的真实类标为2.0
基于欧式距离排序： 7 5 6 0 1 2 4 8 3 9
该测试样本的真实类标为2.0
基于欧式距离排序： 7 6 2 1 5 0 4 8 3 9
该测试样本的真实类标为5.0
基于欧式距离排序： 0 7 1 5 4 6 2 3 8 9
该测试样本的真实类标为2.0
基于欧式距离排序： 7 5 1 2 6 0 8 4 3 9
该测试样本的真实类标为1.0
基于欧式距离排序： 7 0 5 6 1 2 4 8 3 9
该测试样本的真实类标为1.0
基于欧式距离排序： 7 1 0 2 5 6 8 4 3 9
该测试样本的真实类标为2.0
基于欧式距离排序： 7 5 6 1 2 4 0 8 3 9
该测试样本的真实类标为2.0
基于欧式距离排序： 7 5 0 1 2 6 4 8 3 9
该测试样本的真实类标为7.0
基于欧式距离排序： 7 5 6 1 2 4 0 8 3 9
该测试样本的真实类标为0.0
基于欧式距离排序： 7 6 0 2 1 4 5 8 3 9
该测试样本的真实类标为2.0
基于欧式距离排序： 0 1 7 5 2 6 4 8 3 9
该测试样本的真实类标为7.0
基于欧式距离排序： 7 6 4 3 5 0 1 2 8 9
该测试样本的真实类标为7.0
基于欧式距离排序： 7 5 6 4 1 2 0 8 3 9
该测试样本的真实类标为2.0
基于欧式距离排序： 7 6 5 1 2 0 4 8 3 9
该测试样本的真实类标为2.0
基于欧式距离排序： 7 6 5 0 2 1 4 8 3 9
该测试样本的真实类标为5.0
基于欧式距离排序： 7 5 1 6 2 4 0 8 3 9
该测试样本的真实类标为3.0
基于欧式距离排序： 3 4 6 7 0 9 5 8 1 2
该测试样本的真实类标为8.0
基于欧式距离排序： 8 7 5 2 1 0 6 4 3 9
该测试样本的真实类标为3.0
基于欧式距离排序： 6 4 7 3 5 0 1 2 8 9
该测试样本的真实类标为5.0
基于欧式距离排序： 7 5 6 0 1 4 2 3 8 9
该测试样本的真实类标为5.0
基于欧式距离排序： 7 5 0 1 2 6 4 8 3 9
该测试样本的真实类标为5.0
基于欧式距离排序： 5 7 1 2 6 0 8 4 3 9
该测试样本的真实类标为5.0
基于欧式距离排序： 7 6 4 5 3 0 1 2 8 9
该测试样本的真实类标为1.0
基于欧式距离排序： 7 1 2 5 0 6 8 4 3 9
该测试样本的真实类标为1.0
基于欧式距离排序： 1 7 5 2 0 6 8 4 3 9
该测试样本的真实类标为4.0
基于欧式距离排序： 3 6 4 0 7 5 2 1 8 9
该测试样本的真实类标为0.0
基于欧式距离排序： 7 6 5 1 2 4 0 8 3 9
该测试样本的真实类标为1.0
基于欧式距离排序： 5 1 7 2 0 6 8 4 3 9
该测试样本的真实类标为1.0
基于欧式距离排序： 5 1 7 2 0 6 4 8 3 9
该测试样本的真实类标为1.0
基于欧式距离排序： 7 1 6 4 5 2 0 3 8 9
该测试样本的真实类标为2.0
基于欧式距离排序： 2 0 7 1 5 6 8 4 3 9
该测试样本的真实类标为2.0
基于欧式距离排序： 7 6 4 2 1 5 0 8 3 9
该测试样本的真实类标为2.0
基于欧式距离排序： 7 5 1 2 0 6 4 8 3 9
该测试样本的真实类标为2.0
基于欧式距离排序： 7 6 5 0 1 4 2 8 3 9
该测试样本的真实类标为0.0
基于欧式距离排序： 6 7 0 4 2 1 3 5 8 9
该测试样本的真实类标为1.0
基于欧式距离排序： 1 7 5 2 0 6 8 4 3 9
该测试样本的真实类标为0.0
基于欧式距离排序： 7 0 6 4 1 5 2 3 8 9
该测试样本的真实类标为1.0
基于欧式距离排序： 5 7 1 2 0 6 4 8 3 9
该测试样本的真实类标为0.0
基于欧式距离排序： 7 2 1 5 6 0 8 4 3 9
该测试样本的真实类标为2.0
基于欧式距离排序： 7 4 6 2 0 1 5 3 8 9
该测试样本的真实类标为1.0
基于欧式距离排序： 7 5 1 2 0 6 8 4 3 9
该测试样本的真实类标为5.0
基于欧式距离排序： 5 7 1 2 0 6 8 4 3 9
该测试样本的真实类标为1.0
基于欧式距离排序： 1 7 5 2 0 6 8 4 3 9
该测试样本的真实类标为1.0
基于欧式距离排序： 7 2 1 5 0 6 8 4 3 9
该测试样本的真实类标为1.0
基于欧式距离排序： 2 1 7 0 5 6 8 4 3 9
该测试样本的真实类标为2.0
基于欧式距离排序： 7 6 4 0 2 1 5 3 8 9
该测试样本的真实类标为5.0
基于欧式距离排序： 5 7 1 0 2 6 4 8 3 9
该测试样本的真实类标为0.0
基于欧式距离排序： 6 4 3 7 0 1 2 8 5 9
该测试样本的真实类标为1.0
基于欧式距离排序： 5 1 7 2 0 6 8 4 3 9
该测试样本的真实类标为7.0
基于欧式距离排序： 5 7 1 2 0 6 4 8 3 9
该测试样本的真实类标为0.0
基于欧式距离排序： 0 7 5 6 1 2 4 8 3 9
该测试样本的真实类标为7.0
基于欧式距离排序： 6 4 7 3 0 2 5 1 8 9
该测试样本的真实类标为2.0
基于欧式距离排序： 7 6 2 1 5 4 0 8 3 9
该测试样本的真实类标为1.0
基于欧式距离排序： 7 5 1 2 0 6 8 4 3 9
该测试样本的真实类标为2.0
基于欧式距离排序： 1 7 2 5 0 6 8 4 3 9
该测试样本的真实类标为5.0
基于欧式距离排序： 7 5 6 1 4 2 0 8 3 9
该测试样本的真实类标为2.0
基于欧式距离排序： 7 1 2 5 6 4 0 8 3 9
该测试样本的真实类标为5.0
基于欧式距离排序： 5 7 1 2 0 6 4 8 3 9
该测试样本的真实类标为2.0
基于欧式距离排序： 7 1 5 2 6 0 4 8 3 9
该测试样本的真实类标为2.0
基于欧式距离排序： 7 6 5 0 2 1 4 8 3 9
该测试样本的真实类标为1.0
基于欧式距离排序： 7 5 1 2 0 6 4 8 3 9
该测试样本的真实类标为1.0
基于欧式距离排序： 1 5 7 2 0 6 8 4 3 9
该测试样本的真实类标为4.0
基于欧式距离排序： 7 6 4 5 0 3 1 2 8 9
正确率(2)：0.4107744107744108正确率(3)：0.6026936026936027正确率(4)：0.7878787878787878