该测试样本的真实类标为0.0
基于欧式距离排序： 0 2 4 6 3 5 1
该测试样本的真实类标为3.0
基于欧式距离排序： 3 0 4 5 2 6 1
该测试样本的真实类标为2.0
基于欧式距离排序： 2 0 4 3 6 5 1
该测试样本的真实类标为4.0
基于欧式距离排序： 2 0 4 3 6 5 1
该测试样本的真实类标为6.0
基于欧式距离排序： 6 0 4 2 5 3 1
该测试样本的真实类标为6.0
基于欧式距离排序： 6 0 4 2 3 5 1
该测试样本的真实类标为6.0
基于欧式距离排序： 6 4 0 2 3 5 1
该测试样本的真实类标为4.0
基于欧式距离排序： 0 2 4 6 3 5 1
该测试样本的真实类标为5.0
基于欧式距离排序： 5 3 0 1 4 2 6
该测试样本的真实类标为2.0
基于欧式距离排序： 2 0 4 3 6 5 1
该测试样本的真实类标为2.0
基于欧式距离排序： 2 4 0 3 5 6 1
该测试样本的真实类标为6.0
基于欧式距离排序： 6 0 4 2 5 3 1
该测试样本的真实类标为2.0
基于欧式距离排序： 0 4 6 2 3 5 1
该测试样本的真实类标为3.0
基于欧式距离排序： 3 5 0 1 4 2 6
该测试样本的真实类标为6.0
基于欧式距离排序： 6 4 0 2 5 3 1
该测试样本的真实类标为0.0
基于欧式距离排序： 0 3 4 5 2 6 1
该测试样本的真实类标为1.0
基于欧式距离排序： 1 5 3 0 4 2 6
该测试样本的真实类标为0.0
基于欧式距离排序： 0 2 4 6 3 5 1
该测试样本的真实类标为6.0
基于欧式距离排序： 6 4 0 2 5 3 1
该测试样本的真实类标为0.0
基于欧式距离排序： 0 4 2 6 3 5 1
该测试样本的真实类标为0.0
基于欧式距离排序： 0 3 4 5 2 6 1
该测试样本的真实类标为0.0
基于欧式距离排序： 0 2 4 6 3 5 1
该测试样本的真实类标为4.0
基于欧式距离排序： 3 5 4 0 2 6 1
该测试样本的真实类标为0.0
基于欧式距离排序： 0 3 4 5 2 6 1
该测试样本的真实类标为3.0
基于欧式距离排序： 3 5 4 0 2 1 6
该测试样本的真实类标为0.0
基于欧式距离排序： 0 2 4 6 3 5 1
该测试样本的真实类标为1.0
基于欧式距离排序： 1 3 5 0 4 2 6
该测试样本的真实类标为3.0
基于欧式距离排序： 5 3 0 4 2 6 1
该测试样本的真实类标为2.0
基于欧式距离排序： 0 2 3 4 5 6 1
该测试样本的真实类标为5.0
基于欧式距离排序： 5 3 0 4 2 6 1
该测试样本的真实类标为4.0
基于欧式距离排序： 4 0 2 3 5 6 1
该测试样本的真实类标为4.0
基于欧式距离排序： 4 0 2 3 5 6 1
该测试样本的真实类标为5.0
基于欧式距离排序： 5 3 0 4 2 6 1
该测试样本的真实类标为1.0
基于欧式距离排序： 1 3 5 0 4 2 6
该测试样本的真实类标为3.0
基于欧式距离排序： 3 5 1 0 4 2 6
该测试样本的真实类标为5.0
基于欧式距离排序： 5 3 0 4 2 1 6
该测试样本的真实类标为0.0
基于欧式距离排序： 0 3 4 2 5 6 1
该测试样本的真实类标为1.0
基于欧式距离排序： 1 3 5 0 4 2 6
该测试样本的真实类标为6.0
基于欧式距离排序： 6 4 0 2 5 3 1
该测试样本的真实类标为3.0
基于欧式距离排序： 3 5 1 0 4 2 6
该测试样本的真实类标为0.0
基于欧式距离排序： 0 2 4 6 3 5 1
该测试样本的真实类标为2.0
基于欧式距离排序： 2 0 4 3 6 5 1
该测试样本的真实类标为3.0
基于欧式距离排序： 3 1 5 0 4 2 6
该测试样本的真实类标为5.0
基于欧式距离排序： 5 3 0 4 2 1 6
该测试样本的真实类标为2.0
基于欧式距离排序： 2 0 4 6 3 5 1
该测试样本的真实类标为4.0
基于欧式距离排序： 0 4 3 2 5 6 1
该测试样本的真实类标为2.0
基于欧式距离排序： 0 2 4 3 5 6 1
该测试样本的真实类标为4.0
基于欧式距离排序： 4 0 2 6 3 5 1
该测试样本的真实类标为6.0
基于欧式距离排序： 6 0 4 2 3 5 1
该测试样本的真实类标为1.0
基于欧式距离排序： 1 3 5 0 4 2 6
该测试样本的真实类标为2.0
基于欧式距离排序： 2 0 4 6 3 5 1
该测试样本的真实类标为3.0
基于欧式距离排序： 3 0 5 4 2 6 1
该测试样本的真实类标为1.0
基于欧式距离排序： 1 3 5 0 4 2 6
该测试样本的真实类标为3.0
基于欧式距离排序： 3 5 0 4 2 1 6
该测试样本的真实类标为2.0
基于欧式距离排序： 2 0 4 3 6 5 1
该测试样本的真实类标为6.0
基于欧式距离排序： 6 0 4 2 5 3 1
该测试样本的真实类标为1.0
基于欧式距离排序： 1 3 5 0 4 2 6
该测试样本的真实类标为4.0
基于欧式距离排序： 0 3 5 2 4 6 1
该测试样本的真实类标为5.0
基于欧式距离排序： 5 3 0 4 1 2 6
该测试样本的真实类标为3.0
基于欧式距离排序： 3 5 0 4 1 2 6
该测试样本的真实类标为0.0
基于欧式距离排序： 0 2 4 3 6 5 1
该测试样本的真实类标为6.0
基于欧式距离排序： 6 0 4 2 5 3 1
该测试样本的真实类标为4.0
基于欧式距离排序： 4 0 3 2 5 6 1
该测试样本的真实类标为5.0
基于欧式距离排序： 5 3 0 4 2 6 1
该测试样本的真实类标为2.0
基于欧式距离排序： 0 6 4 2 3 5 1
该测试样本的真实类标为2.0
基于欧式距离排序： 0 2 4 3 5 6 1
该测试样本的真实类标为0.0
基于欧式距离排序： 0 3 2 4 5 6 1
该测试样本的真实类标为2.0
基于欧式距离排序： 2 0 4 3 6 5 1
该测试样本的真实类标为2.0
基于欧式距离排序： 2 0 4 3 6 5 1
该测试样本的真实类标为5.0
基于欧式距离排序： 5 3 0 4 2 6 1
该测试样本的真实类标为1.0
基于欧式距离排序： 1 3 5 0 4 2 6
该测试样本的真实类标为6.0
基于欧式距离排序： 6 0 4 2 3 5 1
该测试样本的真实类标为2.0
基于欧式距离排序： 0 4 2 3 6 5 1
该测试样本的真实类标为2.0
基于欧式距离排序： 3 0 5 2 4 6 1
该测试样本的真实类标为0.0
基于欧式距离排序： 0 3 4 2 5 6 1
该测试样本的真实类标为1.0
基于欧式距离排序： 1 3 5 0 4 2 6
该测试样本的真实类标为5.0
基于欧式距离排序： 5 0 3 4 2 6 1
该测试样本的真实类标为6.0
基于欧式距离排序： 6 0 4 2 5 3 1
该测试样本的真实类标为3.0
基于欧式距离排序： 5 3 0 4 2 1 6
该测试样本的真实类标为3.0
基于欧式距离排序： 3 5 0 4 2 6 1
该测试样本的真实类标为4.0
基于欧式距离排序： 0 4 2 3 5 6 1
该测试样本的真实类标为5.0
基于欧式距离排序： 5 3 4 0 2 6 1
该测试样本的真实类标为1.0
基于欧式距离排序： 1 3 5 0 4 2 6
该测试样本的真实类标为0.0
基于欧式距离排序： 0 4 3 2 5 6 1
该测试样本的真实类标为3.0
基于欧式距离排序： 3 0 4 5 2 6 1
该测试样本的真实类标为3.0
基于欧式距离排序： 3 5 0 4 1 2 6
该测试样本的真实类标为4.0
基于欧式距离排序： 4 0 6 3 2 5 1
该测试样本的真实类标为1.0
基于欧式距离排序： 1 5 3 0 4 2 6
该测试样本的真实类标为6.0
基于欧式距离排序： 6 0 4 5 2 3 1
该测试样本的真实类标为3.0
基于欧式距离排序： 3 5 1 0 4 2 6
该测试样本的真实类标为1.0
基于欧式距离排序： 1 3 5 0 4 2 6
该测试样本的真实类标为5.0
基于欧式距离排序： 5 3 0 4 1 2 6
该测试样本的真实类标为1.0
基于欧式距离排序： 1 5 3 0 4 2 6
该测试样本的真实类标为1.0
基于欧式距离排序： 1 3 5 0 4 2 6
该测试样本的真实类标为6.0
基于欧式距离排序： 6 4 0 2 5 3 1
该测试样本的真实类标为4.0
基于欧式距离排序： 4 6 0 3 2 5 1
该测试样本的真实类标为0.0
基于欧式距离排序： 0 4 2 6 3 5 1
该测试样本的真实类标为3.0
基于欧式距离排序： 0 4 2 3 5 6 1
该测试样本的真实类标为2.0
基于欧式距离排序： 2 0 4 3 6 5 1
该测试样本的真实类标为6.0
基于欧式距离排序： 6 0 4 2 5 3 1
该测试样本的真实类标为1.0
基于欧式距离排序： 1 3 5 0 4 2 6
该测试样本的真实类标为5.0
基于欧式距离排序： 5 3 4 0 2 6 1
该测试样本的真实类标为5.0
基于欧式距离排序： 5 3 0 1 4 2 6
该测试样本的真实类标为2.0
基于欧式距离排序： 2 0 4 3 5 6 1
该测试样本的真实类标为4.0
基于欧式距离排序： 4 3 0 5 2 6 1
该测试样本的真实类标为2.0
基于欧式距离排序： 2 0 4 6 3 5 1
该测试样本的真实类标为1.0
基于欧式距离排序： 1 3 5 0 4 2 6
该测试样本的真实类标为3.0
基于欧式距离排序： 3 5 0 4 2 6 1
该测试样本的真实类标为0.0
基于欧式距离排序： 0 3 4 5 2 6 1
该测试样本的真实类标为4.0
基于欧式距离排序： 4 0 2 3 5 6 1
该测试样本的真实类标为3.0
基于欧式距离排序： 3 0 5 4 2 6 1
该测试样本的真实类标为0.0
基于欧式距离排序： 0 3 4 2 5 6 1
该测试样本的真实类标为1.0
基于欧式距离排序： 1 3 5 0 4 2 6
该测试样本的真实类标为0.0
基于欧式距离排序： 0 4 3 2 5 6 1
该测试样本的真实类标为4.0
基于欧式距离排序： 2 4 0 6 3 5 1
该测试样本的真实类标为5.0
基于欧式距离排序： 5 3 4 0 2 6 1
该测试样本的真实类标为3.0
基于欧式距离排序： 0 5 3 4 2 6 1
该测试样本的真实类标为1.0
基于欧式距离排序： 1 5 3 0 4 2 6
该测试样本的真实类标为0.0
基于欧式距离排序： 0 3 2 4 5 6 1
该测试样本的真实类标为4.0
基于欧式距离排序： 4 0 3 5 2 6 1
该测试样本的真实类标为3.0
基于欧式距离排序： 3 5 4 0 2 6 1
该测试样本的真实类标为0.0
基于欧式距离排序： 0 2 4 3 6 5 1
该测试样本的真实类标为3.0
基于欧式距离排序： 3 5 4 0 1 2 6
该测试样本的真实类标为1.0
基于欧式距离排序： 1 3 5 0 4 2 6
该测试样本的真实类标为4.0
基于欧式距离排序： 0 2 4 3 5 6 1
该测试样本的真实类标为1.0
基于欧式距离排序： 1 3 5 0 4 2 6
该测试样本的真实类标为0.0
基于欧式距离排序： 0 3 4 5 2 6 1
该测试样本的真实类标为1.0
基于欧式距离排序： 1 3 5 0 4 2 6
该测试样本的真实类标为0.0
基于欧式距离排序： 0 4 3 5 2 6 1
该测试样本的真实类标为0.0
基于欧式距离排序： 0 3 4 2 5 6 1
该测试样本的真实类标为5.0
基于欧式距离排序： 5 3 0 1 4 2 6
该测试样本的真实类标为2.0
基于欧式距离排序： 2 4 0 3 6 5 1
该测试样本的真实类标为6.0
基于欧式距离排序： 6 4 0 2 5 3 1
该测试样本的真实类标为4.0
基于欧式距离排序： 0 4 2 3 5 6 1
该测试样本的真实类标为2.0
基于欧式距离排序： 2 0 4 3 6 5 1
该测试样本的真实类标为1.0
基于欧式距离排序： 1 3 5 0 4 2 6
该测试样本的真实类标为0.0
基于欧式距离排序： 4 0 2 6 3 5 1
该测试样本的真实类标为1.0
基于欧式距离排序： 1 3 5 0 4 2 6
该测试样本的真实类标为2.0
基于欧式距离排序： 2 0 4 3 5 6 1
该测试样本的真实类标为1.0
基于欧式距离排序： 1 3 5 0 4 2 6
该测试样本的真实类标为0.0
基于欧式距离排序： 0 3 4 2 5 6 1
该测试样本的真实类标为0.0
基于欧式距离排序： 0 4 2 6 3 5 1
该测试样本的真实类标为4.0
基于欧式距离排序： 4 2 0 3 6 5 1
该测试样本的真实类标为2.0
基于欧式距离排序： 2 0 4 3 5 6 1
该测试样本的真实类标为4.0
基于欧式距离排序： 4 2 0 6 3 5 1
该测试样本的真实类标为5.0
基于欧式距离排序： 5 3 0 4 2 6 1
该测试样本的真实类标为5.0
基于欧式距离排序： 5 3 4 0 2 6 1
该测试样本的真实类标为4.0
基于欧式距离排序： 4 0 6 3 2 5 1
该测试样本的真实类标为2.0
基于欧式距离排序： 0 2 4 3 5 6 1
该测试样本的真实类标为1.0
基于欧式距离排序： 1 5 3 0 4 2 6
该测试样本的真实类标为3.0
基于欧式距离排序： 5 3 4 0 2 6 1
该测试样本的真实类标为5.0
基于欧式距离排序： 5 3 0 4 2 1 6
该测试样本的真实类标为1.0
基于欧式距离排序： 1 5 3 0 4 2 6
该测试样本的真实类标为3.0
基于欧式距离排序： 3 5 4 0 2 6 1
该测试样本的真实类标为6.0
基于欧式距离排序： 6 4 0 5 2 3 1
该测试样本的真实类标为2.0
基于欧式距离排序： 2 0 4 6 3 5 1
该测试样本的真实类标为4.0
基于欧式距离排序： 0 4 3 2 5 6 1
该测试样本的真实类标为2.0
基于欧式距离排序： 2 0 4 3 5 6 1
该测试样本的真实类标为5.0
基于欧式距离排序： 5 3 0 4 2 6 1
该测试样本的真实类标为4.0
基于欧式距离排序： 4 0 2 3 5 6 1
该测试样本的真实类标为4.0
基于欧式距离排序： 4 0 2 3 5 6 1
该测试样本的真实类标为5.0
基于欧式距离排序： 5 0 3 4 2 6 1
该测试样本的真实类标为5.0
基于欧式距离排序： 5 3 0 4 2 6 1
该测试样本的真实类标为6.0
基于欧式距离排序： 6 0 4 3 5 2 1
该测试样本的真实类标为0.0
基于欧式距离排序： 0 3 4 5 2 6 1
该测试样本的真实类标为4.0
基于欧式距离排序： 4 6 0 3 5 2 1
该测试样本的真实类标为5.0
基于欧式距离排序： 5 0 3 4 2 6 1
该测试样本的真实类标为1.0
基于欧式距离排序： 1 3 5 0 4 2 6
该测试样本的真实类标为6.0
基于欧式距离排序： 6 4 0 2 3 5 1
该测试样本的真实类标为1.0
基于欧式距离排序： 1 3 5 0 4 2 6
该测试样本的真实类标为2.0
基于欧式距离排序： 2 0 4 3 5 6 1
该测试样本的真实类标为5.0
基于欧式距离排序： 5 3 0 4 2 6 1
该测试样本的真实类标为2.0
基于欧式距离排序： 4 2 0 3 5 6 1
该测试样本的真实类标为4.0
基于欧式距离排序： 4 0 6 3 2 5 1
该测试样本的真实类标为3.0
基于欧式距离排序： 5 3 0 4 1 2 6
该测试样本的真实类标为5.0
基于欧式距离排序： 5 0 3 4 2 6 1
该测试样本的真实类标为1.0
基于欧式距离排序： 1 3 5 0 4 2 6
该测试样本的真实类标为3.0
基于欧式距离排序： 3 5 1 0 4 2 6
该测试样本的真实类标为3.0
基于欧式距离排序： 3 0 4 5 2 6 1
该测试样本的真实类标为0.0
基于欧式距离排序： 0 2 4 3 5 6 1
该测试样本的真实类标为2.0
基于欧式距离排序： 4 2 0 3 5 6 1
该测试样本的真实类标为6.0
基于欧式距离排序： 6 4 0 5 3 2 1
该测试样本的真实类标为1.0
基于欧式距离排序： 1 3 5 0 2 4 6
该测试样本的真实类标为2.0
基于欧式距离排序： 4 2 0 3 5 6 1
该测试样本的真实类标为5.0
基于欧式距离排序： 5 0 3 4 2 6 1
该测试样本的真实类标为6.0
基于欧式距离排序： 6 4 0 2 3 5 1
该测试样本的真实类标为3.0
基于欧式距离排序： 3 5 0 1 4 2 6
该测试样本的真实类标为4.0
基于欧式距离排序： 4 0 2 3 5 6 1
该测试样本的真实类标为6.0
基于欧式距离排序： 6 4 0 5 3 2 1
该测试样本的真实类标为4.0
基于欧式距离排序： 4 0 2 3 5 6 1
该测试样本的真实类标为6.0
基于欧式距离排序： 6 4 0 2 5 3 1
该测试样本的真实类标为3.0
基于欧式距离排序： 3 5 4 0 2 6 1
该测试样本的真实类标为3.0
基于欧式距离排序： 3 5 1 0 4 2 6
该测试样本的真实类标为6.0
基于欧式距离排序： 6 4 0 2 5 3 1
该测试样本的真实类标为4.0
基于欧式距离排序： 4 0 2 3 5 6 1
该测试样本的真实类标为4.0
基于欧式距离排序： 4 2 0 6 3 5 1
该测试样本的真实类标为1.0
基于欧式距离排序： 1 3 5 0 4 2 6
该测试样本的真实类标为5.0
基于欧式距离排序： 5 3 0 4 2 1 6
该测试样本的真实类标为3.0
基于欧式距离排序： 3 5 1 0 2 4 6
该测试样本的真实类标为1.0
基于欧式距离排序： 1 3 5 0 4 2 6
该测试样本的真实类标为0.0
基于欧式距离排序： 0 4 3 2 5 6 1
该测试样本的真实类标为5.0
基于欧式距离排序： 5 3 0 1 4 2 6
该测试样本的真实类标为4.0
基于欧式距离排序： 3 0 4 5 2 6 1
该测试样本的真实类标为5.0
基于欧式距离排序： 5 3 4 0 2 6 1
该测试样本的真实类标为1.0
基于欧式距离排序： 1 3 5 0 4 2 6
该测试样本的真实类标为2.0
基于欧式距离排序： 2 4 0 3 6 5 1
该测试样本的真实类标为4.0
基于欧式距离排序： 4 0 2 3 5 6 1
该测试样本的真实类标为2.0
基于欧式距离排序： 2 0 4 3 6 5 1
该测试样本的真实类标为5.0
基于欧式距离排序： 5 3 4 0 2 6 1
该测试样本的真实类标为4.0
基于欧式距离排序： 4 0 2 3 5 6 1
该测试样本的真实类标为3.0
基于欧式距离排序： 3 5 0 1 4 2 6
该测试样本的真实类标为4.0
基于欧式距离排序： 4 0 2 3 5 6 1
该测试样本的真实类标为5.0
基于欧式距离排序： 5 3 4 0 2 6 1
该测试样本的真实类标为2.0
基于欧式距离排序： 2 0 4 3 5 6 1
该测试样本的真实类标为6.0
基于欧式距离排序： 6 4 0 2 3 5 1
该测试样本的真实类标为3.0
基于欧式距离排序： 5 3 0 4 2 1 6
该测试样本的真实类标为1.0
基于欧式距离排序： 1 5 3 4 0 2 6
该测试样本的真实类标为0.0
基于欧式距离排序： 0 4 3 2 5 6 1
该测试样本的真实类标为6.0
基于欧式距离排序： 6 4 0 5 3 2 1
该测试样本的真实类标为2.0
基于欧式距离排序： 3 5 4 2 0 6 1
该测试样本的真实类标为5.0
基于欧式距离排序： 5 3 4 0 2 6 1
该测试样本的真实类标为2.0
基于欧式距离排序： 2 0 4 6 3 5 1
该测试样本的真实类标为2.0
基于欧式距离排序： 0 2 4 3 5 6 1
该测试样本的真实类标为3.0
基于欧式距离排序： 3 5 1 0 4 2 6
该测试样本的真实类标为0.0
基于欧式距离排序： 0 2 4 3 6 5 1
该测试样本的真实类标为0.0
基于欧式距离排序： 0 4 2 6 3 5 1
该测试样本的真实类标为6.0
基于欧式距离排序： 6 0 4 2 5 3 1
该测试样本的真实类标为5.0
基于欧式距离排序： 5 3 0 4 2 1 6
该测试样本的真实类标为0.0
基于欧式距离排序： 4 0 2 6 3 5 1
该测试样本的真实类标为2.0
基于欧式距离排序： 0 6 4 2 3 5 1
该测试样本的真实类标为6.0
基于欧式距离排序： 6 0 4 2 3 5 1
该测试样本的真实类标为1.0
基于欧式距离排序： 1 5 3 0 4 2 6
该测试样本的真实类标为3.0
基于欧式距离排序： 3 5 1 0 2 4 6
该测试样本的真实类标为6.0
基于欧式距离排序： 6 4 0 2 5 3 1
该测试样本的真实类标为3.0
基于欧式距离排序： 3 5 0 4 2 6 1
该测试样本的真实类标为5.0
基于欧式距离排序： 5 3 0 4 2 6 1
该测试样本的真实类标为0.0
基于欧式距离排序： 0 4 3 5 2 6 1
该测试样本的真实类标为0.0
基于欧式距离排序： 0 4 2 3 5 6 1
该测试样本的真实类标为0.0
基于欧式距离排序： 0 4 2 6 3 5 1
该测试样本的真实类标为5.0
基于欧式距离排序： 5 3 0 4 2 6 1
该测试样本的真实类标为1.0
基于欧式距离排序： 1 3 5 0 4 2 6
该测试样本的真实类标为5.0
基于欧式距离排序： 5 3 0 4 2 6 1
该测试样本的真实类标为0.0
基于欧式距离排序： 0 4 3 5 2 6 1
该测试样本的真实类标为2.0
基于欧式距离排序： 2 0 4 3 5 6 1
该测试样本的真实类标为4.0
基于欧式距离排序： 2 0 4 6 3 5 1
该测试样本的真实类标为0.0
基于欧式距离排序： 0 2 4 3 5 6 1
该测试样本的真实类标为2.0
基于欧式距离排序： 4 2 0 3 6 5 1
该测试样本的真实类标为3.0
基于欧式距离排序： 3 5 0 4 2 6 1
该测试样本的真实类标为3.0
基于欧式距离排序： 3 5 4 0 2 1 6
该测试样本的真实类标为1.0
基于欧式距离排序： 1 3 5 0 4 2 6
该测试样本的真实类标为2.0
基于欧式距离排序： 4 0 2 3 5 6 1
该测试样本的真实类标为2.0
基于欧式距离排序： 2 0 4 3 6 5 1
该测试样本的真实类标为1.0
基于欧式距离排序： 1 3 5 0 4 2 6
该测试样本的真实类标为3.0
基于欧式距离排序： 5 3 0 4 2 1 6
该测试样本的真实类标为2.0
基于欧式距离排序： 2 0 4 3 5 6 1
该测试样本的真实类标为1.0
基于欧式距离排序： 1 5 3 0 4 2 6
该测试样本的真实类标为5.0
基于欧式距离排序： 5 3 0 1 4 2 6
该测试样本的真实类标为6.0
基于欧式距离排序： 6 0 4 2 5 3 1
该测试样本的真实类标为6.0
基于欧式距离排序： 6 4 0 5 3 2 1
该测试样本的真实类标为0.0
基于欧式距离排序： 0 4 2 6 3 5 1
该测试样本的真实类标为6.0
基于欧式距离排序： 6 4 0 5 2 3 1
该测试样本的真实类标为6.0
基于欧式距离排序： 6 0 4 5 3 2 1
该测试样本的真实类标为5.0
基于欧式距离排序： 5 3 0 4 2 6 1
该测试样本的真实类标为1.0
基于欧式距离排序： 1 3 5 0 4 2 6
该测试样本的真实类标为4.0
基于欧式距离排序： 3 0 4 5 2 6 1
该测试样本的真实类标为3.0
基于欧式距离排序： 5 3 0 1 4 2 6
该测试样本的真实类标为5.0
基于欧式距离排序： 5 3 0 4 2 1 6
该测试样本的真实类标为6.0
基于欧式距离排序： 6 0 4 2 5 3 1
该测试样本的真实类标为6.0
基于欧式距离排序： 6 0 4 2 5 3 1
该测试样本的真实类标为1.0
基于欧式距离排序： 1 5 3 0 4 2 6
该测试样本的真实类标为0.0
基于欧式距离排序： 0 4 2 6 3 5 1
该测试样本的真实类标为5.0
基于欧式距离排序： 5 3 4 0 2 6 1
该测试样本的真实类标为6.0
基于欧式距离排序： 6 0 2 4 5 3 1
该测试样本的真实类标为0.0
基于欧式距离排序： 0 4 3 5 2 6 1
该测试样本的真实类标为5.0
基于欧式距离排序： 5 3 4 0 2 6 1
该测试样本的真实类标为5.0
基于欧式距离排序： 5 3 4 0 2 6 1
该测试样本的真实类标为1.0
基于欧式距离排序： 1 3 5 0 4 2 6
该测试样本的真实类标为1.0
基于欧式距离排序： 1 3 5 0 4 2 6
该测试样本的真实类标为0.0
基于欧式距离排序： 0 4 2 6 3 5 1
该测试样本的真实类标为0.0
基于欧式距离排序： 0 3 4 2 5 6 1
该测试样本的真实类标为1.0
基于欧式距离排序： 1 5 3 0 4 2 6
该测试样本的真实类标为2.0
基于欧式距离排序： 2 0 4 3 6 5 1
该测试样本的真实类标为3.0
基于欧式距离排序： 3 0 4 5 2 6 1
该测试样本的真实类标为1.0
基于欧式距离排序： 1 3 5 0 4 2 6
该测试样本的真实类标为5.0
基于欧式距离排序： 5 3 0 1 4 2 6
该测试样本的真实类标为4.0
基于欧式距离排序： 0 2 4 3 5 6 1
该测试样本的真实类标为3.0
基于欧式距离排序： 5 3 4 0 2 6 1
该测试样本的真实类标为1.0
基于欧式距离排序： 1 3 5 0 4 2 6
该测试样本的真实类标为1.0
基于欧式距离排序： 1 3 5 0 4 2 6
该测试样本的真实类标为4.0
基于欧式距离排序： 4 2 0 3 5 6 1
该测试样本的真实类标为5.0
基于欧式距离排序： 5 3 0 4 1 2 6
该测试样本的真实类标为3.0
基于欧式距离排序： 3 1 5 0 2 4 6
该测试样本的真实类标为5.0
基于欧式距离排序： 5 3 4 0 1 2 6
该测试样本的真实类标为0.0
基于欧式距离排序： 0 3 4 5 2 6 1
该测试样本的真实类标为1.0
基于欧式距离排序： 1 3 5 0 4 2 6
该测试样本的真实类标为5.0
基于欧式距离排序： 5 3 0 4 2 1 6
该测试样本的真实类标为1.0
基于欧式距离排序： 1 3 5 0 4 2 6
该测试样本的真实类标为5.0
基于欧式距离排序： 5 3 0 4 2 6 1
该测试样本的真实类标为6.0
基于欧式距离排序： 6 0 4 2 5 3 1
该测试样本的真实类标为4.0
基于欧式距离排序： 4 0 2 3 5 6 1
该测试样本的真实类标为2.0
基于欧式距离排序： 4 2 0 3 6 5 1
该测试样本的真实类标为1.0
基于欧式距离排序： 1 3 5 0 4 2 6
该测试样本的真实类标为5.0
基于欧式距离排序： 5 3 4 0 2 6 1
该测试样本的真实类标为6.0
基于欧式距离排序： 6 0 4 5 2 3 1
该测试样本的真实类标为3.0
基于欧式距离排序： 3 5 1 0 4 2 6
该测试样本的真实类标为4.0
基于欧式距离排序： 4 0 6 3 2 5 1
该测试样本的真实类标为4.0
基于欧式距离排序： 4 0 2 6 3 5 1
该测试样本的真实类标为6.0
基于欧式距离排序： 6 0 4 2 5 3 1
该测试样本的真实类标为6.0
基于欧式距离排序： 6 4 0 3 5 2 1
该测试样本的真实类标为6.0
基于欧式距离排序： 6 4 0 2 5 3 1
该测试样本的真实类标为6.0
基于欧式距离排序： 6 0 4 2 5 3 1
该测试样本的真实类标为5.0
基于欧式距离排序： 5 3 4 0 2 6 1
该测试样本的真实类标为6.0
基于欧式距离排序： 6 0 4 2 3 5 1
该测试样本的真实类标为0.0
基于欧式距离排序： 0 4 3 2 5 6 1
该测试样本的真实类标为0.0
基于欧式距离排序： 0 2 4 6 3 5 1
该测试样本的真实类标为0.0
基于欧式距离排序： 0 2 4 3 5 6 1
该测试样本的真实类标为4.0
基于欧式距离排序： 0 2 4 3 6 5 1
该测试样本的真实类标为4.0
基于欧式距离排序： 2 0 4 6 3 5 1
该测试样本的真实类标为2.0
基于欧式距离排序： 2 0 4 3 5 6 1
该测试样本的真实类标为5.0
基于欧式距离排序： 5 3 4 0 2 1 6
该测试样本的真实类标为1.0
基于欧式距离排序： 1 3 5 0 4 2 6
该测试样本的真实类标为4.0
基于欧式距离排序： 4 6 0 3 5 2 1
该测试样本的真实类标为5.0
基于欧式距离排序： 5 3 0 4 1 2 6
该测试样本的真实类标为3.0
基于欧式距离排序： 3 1 5 0 4 2 6
该测试样本的真实类标为0.0
基于欧式距离排序： 0 4 2 3 6 5 1
该测试样本的真实类标为6.0
基于欧式距离排序： 6 4 0 5 3 2 1
该测试样本的真实类标为2.0
基于欧式距离排序： 4 2 0 3 5 6 1
该测试样本的真实类标为5.0
基于欧式距离排序： 5 3 0 4 2 1 6
该测试样本的真实类标为2.0
基于欧式距离排序： 2 4 0 3 5 6 1
该测试样本的真实类标为4.0
基于欧式距离排序： 4 0 2 6 3 5 1
该测试样本的真实类标为2.0
基于欧式距离排序： 4 2 0 3 6 5 1
该测试样本的真实类标为2.0
基于欧式距离排序： 2 0 4 3 5 6 1
该测试样本的真实类标为3.0
基于欧式距离排序： 5 3 4 0 2 6 1
该测试样本的真实类标为1.0
基于欧式距离排序： 1 5 3 0 4 2 6
该测试样本的真实类标为6.0
基于欧式距离排序： 6 0 4 2 5 3 1
该测试样本的真实类标为2.0
基于欧式距离排序： 2 0 4 3 5 6 1
该测试样本的真实类标为2.0
基于欧式距离排序： 0 2 3 4 5 6 1
该测试样本的真实类标为2.0
基于欧式距离排序： 2 0 4 3 6 5 1
该测试样本的真实类标为3.0
基于欧式距离排序： 5 3 0 4 2 6 1
该测试样本的真实类标为4.0
基于欧式距离排序： 4 0 3 2 5 6 1
该测试样本的真实类标为1.0
基于欧式距离排序： 1 3 5 0 4 2 6
该测试样本的真实类标为5.0
基于欧式距离排序： 5 3 0 4 1 2 6
该测试样本的真实类标为2.0
基于欧式距离排序： 0 2 4 3 6 5 1
该测试样本的真实类标为6.0
基于欧式距离排序： 6 0 4 2 5 3 1
该测试样本的真实类标为2.0
基于欧式距离排序： 3 5 2 0 4 1 6
该测试样本的真实类标为3.0
基于欧式距离排序： 5 3 4 0 2 6 1
该测试样本的真实类标为6.0
基于欧式距离排序： 6 0 4 2 5 3 1
该测试样本的真实类标为2.0
基于欧式距离排序： 2 0 4 3 6 5 1
该测试样本的真实类标为1.0
基于欧式距离排序： 1 3 5 0 4 2 6
该测试样本的真实类标为6.0
基于欧式距离排序： 6 0 4 2 5 3 1
该测试样本的真实类标为3.0
基于欧式距离排序： 3 5 4 0 2 6 1
该测试样本的真实类标为1.0
基于欧式距离排序： 1 3 5 0 4 2 6
该测试样本的真实类标为4.0
基于欧式距离排序： 2 4 0 6 3 5 1
该测试样本的真实类标为4.0
基于欧式距离排序： 2 4 0 6 3 5 1
该测试样本的真实类标为6.0
基于欧式距离排序： 6 0 4 2 5 3 1
该测试样本的真实类标为6.0
基于欧式距离排序： 6 0 4 2 3 5 1
该测试样本的真实类标为1.0
基于欧式距离排序： 1 3 5 0 4 2 6
该测试样本的真实类标为6.0
基于欧式距离排序： 6 0 4 2 5 3 1
该测试样本的真实类标为0.0
基于欧式距离排序： 0 2 4 3 5 6 1
该测试样本的真实类标为4.0
基于欧式距离排序： 0 4 3 5 2 6 1
该测试样本的真实类标为6.0
基于欧式距离排序： 6 0 4 2 3 5 1
该测试样本的真实类标为2.0
基于欧式距离排序： 0 6 4 2 3 5 1
该测试样本的真实类标为0.0
基于欧式距离排序： 4 0 2 6 3 5 1
该测试样本的真实类标为6.0
基于欧式距离排序： 6 0 4 2 5 3 1
该测试样本的真实类标为0.0
基于欧式距离排序： 0 4 3 5 2 6 1
该测试样本的真实类标为2.0
基于欧式距离排序： 4 2 0 3 5 6 1
该测试样本的真实类标为4.0
基于欧式距离排序： 4 0 2 3 5 6 1
该测试样本的真实类标为4.0
基于欧式距离排序： 4 0 2 3 5 6 1
该测试样本的真实类标为5.0
基于欧式距离排序： 5 3 0 4 2 6 1
该测试样本的真实类标为3.0
基于欧式距离排序： 0 3 5 4 2 6 1
该测试样本的真实类标为6.0
基于欧式距离排序： 6 0 4 2 5 3 1
该测试样本的真实类标为6.0
基于欧式距离排序： 6 0 4 2 3 5 1
该测试样本的真实类标为2.0
基于欧式距离排序： 2 0 4 3 6 5 1
该测试样本的真实类标为4.0
基于欧式距离排序： 4 0 2 3 5 6 1
该测试样本的真实类标为1.0
基于欧式距离排序： 1 3 5 0 4 2 6
该测试样本的真实类标为3.0
基于欧式距离排序： 3 0 5 4 2 1 6
该测试样本的真实类标为5.0
基于欧式距离排序： 5 3 0 4 2 6 1
该测试样本的真实类标为0.0
基于欧式距离排序： 0 4 2 6 3 5 1
该测试样本的真实类标为6.0
基于欧式距离排序： 6 0 4 2 5 3 1
该测试样本的真实类标为0.0
基于欧式距离排序： 0 2 4 3 5 6 1
该测试样本的真实类标为5.0
基于欧式距离排序： 5 3 0 4 2 6 1
该测试样本的真实类标为0.0
基于欧式距离排序： 0 2 4 3 5 6 1
该测试样本的真实类标为3.0
基于欧式距离排序： 3 5 1 0 4 2 6
该测试样本的真实类标为4.0
基于欧式距离排序： 4 0 3 2 5 6 1
该测试样本的真实类标为3.0
基于欧式距离排序： 5 3 0 4 2 1 6
该测试样本的真实类标为5.0
基于欧式距离排序： 5 3 4 0 2 6 1
该测试样本的真实类标为4.0
基于欧式距离排序： 4 0 2 3 5 6 1
该测试样本的真实类标为2.0
基于欧式距离排序： 2 4 0 6 3 5 1
该测试样本的真实类标为4.0
基于欧式距离排序： 4 2 0 3 6 5 1
该测试样本的真实类标为3.0
基于欧式距离排序： 0 3 5 4 2 6 1
该测试样本的真实类标为6.0
基于欧式距离排序： 6 0 4 2 5 3 1
该测试样本的真实类标为0.0
基于欧式距离排序： 0 3 4 2 5 6 1
该测试样本的真实类标为4.0
基于欧式距离排序： 3 5 4 0 2 6 1
该测试样本的真实类标为4.0
基于欧式距离排序： 4 0 3 2 5 6 1
该测试样本的真实类标为6.0
基于欧式距离排序： 6 4 0 5 2 3 1
该测试样本的真实类标为2.0
基于欧式距离排序： 4 2 0 3 6 5 1
该测试样本的真实类标为0.0
基于欧式距离排序： 0 2 4 3 5 6 1
该测试样本的真实类标为1.0
基于欧式距离排序： 1 3 5 0 4 2 6
该测试样本的真实类标为5.0
基于欧式距离排序： 5 3 0 4 2 1 6
该测试样本的真实类标为0.0
基于欧式距离排序： 0 2 4 3 5 6 1
该测试样本的真实类标为5.0
基于欧式距离排序： 5 0 3 4 2 6 1
该测试样本的真实类标为1.0
基于欧式距离排序： 1 3 5 0 4 2 6
该测试样本的真实类标为4.0
基于欧式距离排序： 0 2 4 6 3 5 1
该测试样本的真实类标为2.0
基于欧式距离排序： 4 2 0 3 5 6 1
该测试样本的真实类标为4.0
基于欧式距离排序： 4 0 3 5 2 6 1
该测试样本的真实类标为4.0
基于欧式距离排序： 4 3 0 5 2 6 1
该测试样本的真实类标为3.0
基于欧式距离排序： 5 3 0 1 4 2 6
该测试样本的真实类标为3.0
基于欧式距离排序： 3 0 5 4 2 6 1
该测试样本的真实类标为5.0
基于欧式距离排序： 5 3 0 4 1 2 6
该测试样本的真实类标为5.0
基于欧式距离排序： 5 3 4 0 2 6 1
该测试样本的真实类标为0.0
基于欧式距离排序： 0 4 2 3 5 6 1
该测试样本的真实类标为2.0
基于欧式距离排序： 2 4 0 3 5 6 1
该测试样本的真实类标为2.0
基于欧式距离排序： 0 4 2 6 3 5 1
该测试样本的真实类标为4.0
基于欧式距离排序： 0 3 4 2 5 6 1
该测试样本的真实类标为0.0
基于欧式距离排序： 0 3 4 2 5 6 1
该测试样本的真实类标为4.0
基于欧式距离排序： 4 2 0 3 6 5 1
该测试样本的真实类标为1.0
基于欧式距离排序： 1 3 5 0 4 2 6
该测试样本的真实类标为4.0
基于欧式距离排序： 4 0 2 3 5 6 1
该测试样本的真实类标为4.0
基于欧式距离排序： 0 4 2 6 3 5 1
该测试样本的真实类标为1.0
基于欧式距离排序： 1 3 5 0 4 2 6
该测试样本的真实类标为3.0
基于欧式距离排序： 3 0 4 5 2 6 1
该测试样本的真实类标为6.0
基于欧式距离排序： 6 0 4 2 5 3 1
该测试样本的真实类标为6.0
基于欧式距离排序： 6 0 4 2 3 5 1
该测试样本的真实类标为4.0
基于欧式距离排序： 4 0 2 3 6 5 1
该测试样本的真实类标为6.0
基于欧式距离排序： 6 0 4 2 5 3 1
该测试样本的真实类标为1.0
基于欧式距离排序： 1 3 5 0 4 2 6
该测试样本的真实类标为6.0
基于欧式距离排序： 6 4 0 2 5 3 1
该测试样本的真实类标为0.0
基于欧式距离排序： 0 4 3 2 5 6 1
该测试样本的真实类标为3.0
基于欧式距离排序： 3 5 4 0 1 2 6
该测试样本的真实类标为5.0
基于欧式距离排序： 5 3 0 4 2 1 6
该测试样本的真实类标为6.0
基于欧式距离排序： 6 4 0 5 3 2 1
该测试样本的真实类标为5.0
基于欧式距离排序： 5 3 0 4 2 6 1
该测试样本的真实类标为5.0
基于欧式距离排序： 5 3 0 4 2 6 1
该测试样本的真实类标为3.0
基于欧式距离排序： 3 5 0 4 2 6 1
该测试样本的真实类标为5.0
基于欧式距离排序： 5 3 4 0 2 6 1
该测试样本的真实类标为1.0
基于欧式距离排序： 1 5 3 0 4 2 6
该测试样本的真实类标为3.0
基于欧式距离排序： 3 5 0 4 1 2 6
该测试样本的真实类标为5.0
基于欧式距离排序： 5 3 0 4 1 2 6
该测试样本的真实类标为2.0
基于欧式距离排序： 4 2 0 3 6 5 1
该测试样本的真实类标为3.0
基于欧式距离排序： 0 2 3 4 5 6 1
该测试样本的真实类标为0.0
基于欧式距离排序： 0 3 4 5 2 6 1
该测试样本的真实类标为2.0
基于欧式距离排序： 4 2 0 3 5 6 1
该测试样本的真实类标为3.0
基于欧式距离排序： 3 5 0 4 1 2 6
该测试样本的真实类标为6.0
基于欧式距离排序： 6 0 4 2 5 3 1
该测试样本的真实类标为6.0
基于欧式距离排序： 6 0 4 2 5 3 1
该测试样本的真实类标为1.0
基于欧式距离排序： 1 3 5 0 4 2 6
该测试样本的真实类标为0.0
基于欧式距离排序： 0 2 4 6 3 5 1
该测试样本的真实类标为0.0
基于欧式距离排序： 0 2 4 6 3 5 1
该测试样本的真实类标为3.0
基于欧式距离排序： 3 5 0 4 2 6 1
该测试样本的真实类标为1.0
基于欧式距离排序： 1 3 5 0 4 2 6
该测试样本的真实类标为0.0
基于欧式距离排序： 0 4 3 2 5 6 1
该测试样本的真实类标为3.0
基于欧式距离排序： 3 5 0 1 4 2 6
该测试样本的真实类标为3.0
基于欧式距离排序： 0 4 3 2 5 6 1
该测试样本的真实类标为4.0
基于欧式距离排序： 0 2 4 3 5 6 1
该测试样本的真实类标为0.0
基于欧式距离排序： 0 4 2 6 3 5 1
该测试样本的真实类标为1.0
基于欧式距离排序： 1 3 5 0 4 2 6
该测试样本的真实类标为6.0
基于欧式距离排序： 6 0 4 2 5 3 1
该测试样本的真实类标为3.0
基于欧式距离排序： 3 5 0 4 2 1 6
该测试样本的真实类标为5.0
基于欧式距离排序： 5 3 0 2 4 6 1
该测试样本的真实类标为3.0
基于欧式距离排序： 3 5 4 0 2 6 1
该测试样本的真实类标为2.0
基于欧式距离排序： 4 2 0 3 6 5 1
该测试样本的真实类标为0.0
基于欧式距离排序： 0 2 4 6 3 5 1
正确率(2)：0.9372294372294372正确率(3)：0.9826839826839827正确率(4)：0.9978354978354979