该测试样本的真实类标为0.0
基于欧式距离排序： 0 2 1 5 4 6 3
该测试样本的真实类标为0.0
基于欧式距离排序： 0 2 1 5 6 4 3
该测试样本的真实类标为0.0
基于欧式距离排序： 2 0 1 5 6 4 3
该测试样本的真实类标为0.0
基于欧式距离排序： 0 2 1 5 4 6 3
该测试样本的真实类标为0.0
基于欧式距离排序： 0 2 1 5 4 6 3
该测试样本的真实类标为0.0
基于欧式距离排序： 0 2 1 5 6 4 3
该测试样本的真实类标为0.0
基于欧式距离排序： 0 2 1 5 4 6 3
该测试样本的真实类标为0.0
基于欧式距离排序： 0 2 1 5 4 6 3
该测试样本的真实类标为0.0
基于欧式距离排序： 0 2 1 5 4 6 3
该测试样本的真实类标为0.0
基于欧式距离排序： 0 2 1 5 4 6 3
该测试样本的真实类标为0.0
基于欧式距离排序： 0 2 1 5 6 4 3
该测试样本的真实类标为0.0
基于欧式距离排序： 0 2 1 5 4 6 3
该测试样本的真实类标为1.0
基于欧式距离排序： 0 2 1 5 4 6 3
该测试样本的真实类标为1.0
基于欧式距离排序： 0 2 1 5 6 4 3
该测试样本的真实类标为1.0
基于欧式距离排序： 2 0 1 5 4 6 3
该测试样本的真实类标为1.0
基于欧式距离排序： 0 2 1 5 6 4 3
该测试样本的真实类标为1.0
基于欧式距离排序： 0 2 1 5 4 6 3
该测试样本的真实类标为1.0
基于欧式距离排序： 0 2 1 5 4 6 3
该测试样本的真实类标为1.0
基于欧式距离排序： 4 5 1 0 2 6 3
该测试样本的真实类标为1.0
基于欧式距离排序： 0 2 1 5 6 4 3
该测试样本的真实类标为1.0
基于欧式距离排序： 0 2 1 5 4 6 3
该测试样本的真实类标为1.0
基于欧式距离排序： 0 2 1 5 4 6 3
该测试样本的真实类标为1.0
基于欧式距离排序： 2 0 1 5 4 6 3
该测试样本的真实类标为1.0
基于欧式距离排序： 2 0 1 5 4 6 3
该测试样本的真实类标为1.0
基于欧式距离排序： 2 0 1 5 6 4 3
该测试样本的真实类标为1.0
基于欧式距离排序： 0 2 1 5 6 4 3
该测试样本的真实类标为1.0
基于欧式距离排序： 0 2 1 5 4 6 3
该测试样本的真实类标为2.0
基于欧式距离排序： 0 2 1 5 6 4 3
该测试样本的真实类标为2.0
基于欧式距离排序： 0 2 1 5 6 4 3
该测试样本的真实类标为2.0
基于欧式距离排序： 0 2 1 5 6 4 3
该测试样本的真实类标为4.0
基于欧式距离排序： 5 6 4 1 0 2 3
该测试样本的真实类标为4.0
基于欧式距离排序： 4 6 5 1 0 2 3
该测试样本的真实类标为4.0
基于欧式距离排序： 4 1 6 2 0 5 3
该测试样本的真实类标为5.0
基于欧式距离排序： 5 6 0 1 4 2 3
该测试样本的真实类标为6.0
基于欧式距离排序： 6 5 4 1 2 0 3
该测试样本的真实类标为6.0
基于欧式距离排序： 6 5 4 1 2 0 3
该测试样本的真实类标为6.0
基于欧式距离排序： 6 0 5 2 1 4 3
该测试样本的真实类标为6.0
基于欧式距离排序： 6 5 4 1 2 0 3
该测试样本的真实类标为6.0
基于欧式距离排序： 6 5 4 1 2 0 3
该测试样本的真实类标为0.0
基于欧式距离排序： 0 2 1 5 6 4 3
该测试样本的真实类标为0.0
基于欧式距离排序： 0 2 1 5 4 6 3
该测试样本的真实类标为1.0
基于欧式距离排序： 2 0 1 5 6 4 3
该测试样本的真实类标为6.0
基于欧式距离排序： 6 5 2 0 1 4 3
正确率(2)：0.6046511627906976正确率(3)：1.0正确率(4)：1.0