该测试样本的真实类标为0.0
基于欧式距离排序： 2 0 1 5 6 4 3
该测试样本的真实类标为0.0
基于欧式距离排序： 2 0 1 5 6 4 3
该测试样本的真实类标为0.0
基于欧式距离排序： 0 2 1 5 6 4 3
该测试样本的真实类标为0.0
基于欧式距离排序： 2 0 1 5 6 4 3
该测试样本的真实类标为0.0
基于欧式距离排序： 2 0 1 5 6 4 3
该测试样本的真实类标为0.0
基于欧式距离排序： 2 0 1 5 6 4 3
该测试样本的真实类标为0.0
基于欧式距离排序： 0 2 1 5 6 4 3
该测试样本的真实类标为0.0
基于欧式距离排序： 2 0 1 5 6 4 3
该测试样本的真实类标为0.0
基于欧式距离排序： 0 2 1 5 6 4 3
该测试样本的真实类标为0.0
基于欧式距离排序： 0 2 1 5 6 4 3
该测试样本的真实类标为0.0
基于欧式距离排序： 0 2 1 5 6 4 3
该测试样本的真实类标为0.0
基于欧式距离排序： 2 0 1 5 6 4 3
该测试样本的真实类标为1.0
基于欧式距离排序： 2 0 1 5 6 4 3
该测试样本的真实类标为1.0
基于欧式距离排序： 2 0 1 5 6 4 3
该测试样本的真实类标为1.0
基于欧式距离排序： 2 0 1 5 6 4 3
该测试样本的真实类标为1.0
基于欧式距离排序： 0 2 1 5 6 4 3
该测试样本的真实类标为1.0
基于欧式距离排序： 2 0 1 5 6 4 3
该测试样本的真实类标为1.0
基于欧式距离排序： 2 0 1 5 6 4 3
该测试样本的真实类标为1.0
基于欧式距离排序： 4 1 5 0 2 6 3
该测试样本的真实类标为1.0
基于欧式距离排序： 2 0 1 5 6 4 3
该测试样本的真实类标为1.0
基于欧式距离排序： 0 2 1 5 6 4 3
该测试样本的真实类标为1.0
基于欧式距离排序： 2 0 1 5 6 4 3
该测试样本的真实类标为1.0
基于欧式距离排序： 2 0 1 5 6 4 3
该测试样本的真实类标为1.0
基于欧式距离排序： 2 0 1 5 6 4 3
该测试样本的真实类标为1.0
基于欧式距离排序： 0 2 1 5 6 4 3
该测试样本的真实类标为1.0
基于欧式距离排序： 0 2 1 5 6 4 3
该测试样本的真实类标为1.0
基于欧式距离排序： 2 0 1 5 6 4 3
该测试样本的真实类标为2.0
基于欧式距离排序： 2 0 1 5 6 4 3
该测试样本的真实类标为2.0
基于欧式距离排序： 2 0 1 5 6 4 3
该测试样本的真实类标为2.0
基于欧式距离排序： 2 0 1 5 6 4 3
该测试样本的真实类标为4.0
基于欧式距离排序： 5 4 6 1 0 2 3
该测试样本的真实类标为4.0
基于欧式距离排序： 6 5 4 1 0 2 3
该测试样本的真实类标为4.0
基于欧式距离排序： 2 0 5 1 6 4 3
该测试样本的真实类标为5.0
基于欧式距离排序： 5 6 4 2 0 1 3
该测试样本的真实类标为6.0
基于欧式距离排序： 6 5 2 0 1 4 3
该测试样本的真实类标为6.0
基于欧式距离排序： 6 5 2 0 1 4 3
该测试样本的真实类标为6.0
基于欧式距离排序： 6 2 5 0 1 4 3
该测试样本的真实类标为6.0
基于欧式距离排序： 6 5 2 0 1 4 3
该测试样本的真实类标为6.0
基于欧式距离排序： 6 5 2 0 1 4 3
该测试样本的真实类标为0.0
基于欧式距离排序： 2 0 1 5 6 4 3
该测试样本的真实类标为0.0
基于欧式距离排序： 2 0 1 5 6 4 3
该测试样本的真实类标为1.0
基于欧式距离排序： 2 0 1 5 6 4 3
该测试样本的真实类标为6.0
基于欧式距离排序： 5 2 0 6 1 4 3
正确率(2)：0.5813953488372093正确率(3)：0.9534883720930233正确率(4)：0.9767441860465116