该测试样本的真实类标为0.0
基于欧式距离排序： 0 7 1 2 5 4 3 6
该测试样本的真实类标为0.0
基于欧式距离排序： 0 7 5 2 1 4 3 6
该测试样本的真实类标为0.0
基于欧式距离排序： 0 1 7 2 5 4 3 6
该测试样本的真实类标为0.0
基于欧式距离排序： 2 5 7 0 4 1 6 3
该测试样本的真实类标为0.0
基于欧式距离排序： 0 7 2 1 4 3 5 6
该测试样本的真实类标为0.0
基于欧式距离排序： 2 7 0 5 4 1 6 3
该测试样本的真实类标为0.0
基于欧式距离排序： 0 2 5 7 1 4 6 3
该测试样本的真实类标为0.0
基于欧式距离排序： 0 7 1 2 4 5 3 6
该测试样本的真实类标为0.0
基于欧式距离排序： 0 7 2 5 4 1 3 6
该测试样本的真实类标为0.0
基于欧式距离排序： 0 2 7 4 1 5 3 6
该测试样本的真实类标为0.0
基于欧式距离排序： 0 2 7 5 1 4 3 6
该测试样本的真实类标为0.0
基于欧式距离排序： 7 0 2 4 1 5 3 6
该测试样本的真实类标为0.0
基于欧式距离排序： 0 7 2 1 5 4 3 6
该测试样本的真实类标为0.0
基于欧式距离排序： 0 7 2 5 1 4 3 6
该测试样本的真实类标为0.0
基于欧式距离排序： 0 7 2 1 5 4 3 6
该测试样本的真实类标为0.0
基于欧式距离排序： 0 7 2 1 5 4 3 6
该测试样本的真实类标为0.0
基于欧式距离排序： 0 1 7 5 2 4 3 6
该测试样本的真实类标为0.0
基于欧式距离排序： 0 7 1 5 2 4 3 6
该测试样本的真实类标为0.0
基于欧式距离排序： 0 7 2 1 4 3 5 6
该测试样本的真实类标为0.0
基于欧式距离排序： 2 0 5 7 4 1 6 3
该测试样本的真实类标为0.0
基于欧式距离排序： 0 2 1 5 7 4 6 3
该测试样本的真实类标为0.0
基于欧式距离排序： 0 2 5 7 1 4 6 3
该测试样本的真实类标为0.0
基于欧式距离排序： 0 7 2 5 1 4 3 6
该测试样本的真实类标为0.0
基于欧式距离排序： 0 5 7 2 1 4 6 3
该测试样本的真实类标为0.0
基于欧式距离排序： 0 7 2 5 1 4 3 6
该测试样本的真实类标为0.0
基于欧式距离排序： 0 7 5 2 1 4 3 6
该测试样本的真实类标为0.0
基于欧式距离排序： 0 7 2 1 5 4 3 6
该测试样本的真实类标为0.0
基于欧式距离排序： 0 1 2 5 7 4 6 3
该测试样本的真实类标为0.0
基于欧式距离排序： 0 7 5 1 2 4 3 6
该测试样本的真实类标为1.0
基于欧式距离排序： 1 4 0 2 7 5 3 6
该测试样本的真实类标为1.0
基于欧式距离排序： 2 5 0 7 1 4 6 3
该测试样本的真实类标为1.0
基于欧式距离排序： 1 4 0 2 7 5 3 6
该测试样本的真实类标为1.0
基于欧式距离排序： 1 5 0 7 2 4 3 6
该测试样本的真实类标为1.0
基于欧式距离排序： 4 1 2 7 0 3 5 6
该测试样本的真实类标为1.0
基于欧式距离排序： 0 2 7 4 1 5 3 6
该测试样本的真实类标为1.0
基于欧式距离排序： 4 1 2 0 7 5 3 6
该测试样本的真实类标为1.0
基于欧式距离排序： 0 1 5 7 2 4 3 6
该测试样本的真实类标为1.0
基于欧式距离排序： 1 0 4 2 7 5 3 6
该测试样本的真实类标为1.0
基于欧式距离排序： 1 4 2 0 7 5 3 6
该测试样本的真实类标为1.0
基于欧式距离排序： 2 0 7 5 4 1 3 6
该测试样本的真实类标为1.0
基于欧式距离排序： 4 1 0 2 7 5 3 6
该测试样本的真实类标为1.0
基于欧式距离排序： 1 4 0 2 7 5 3 6
该测试样本的真实类标为1.0
基于欧式距离排序： 1 4 0 2 7 5 3 6
该测试样本的真实类标为1.0
基于欧式距离排序： 2 0 7 1 4 5 3 6
该测试样本的真实类标为2.0
基于欧式距离排序： 4 2 1 7 5 0 3 6
该测试样本的真实类标为4.0
基于欧式距离排序： 4 2 1 7 5 0 3 6
该测试样本的真实类标为4.0
基于欧式距离排序： 4 2 1 7 5 0 3 6
该测试样本的真实类标为4.0
基于欧式距离排序： 1 4 2 0 5 7 3 6
该测试样本的真实类标为4.0
基于欧式距离排序： 1 0 4 7 3 2 5 6
该测试样本的真实类标为4.0
基于欧式距离排序： 2 4 1 5 7 0 6 3
该测试样本的真实类标为4.0
基于欧式距离排序： 2 5 7 4 1 0 6 3
该测试样本的真实类标为4.0
基于欧式距离排序： 2 5 4 7 1 6 0 3
该测试样本的真实类标为5.0
基于欧式距离排序： 5 2 7 0 4 1 6 3
该测试样本的真实类标为5.0
基于欧式距离排序： 2 5 7 0 4 1 6 3
该测试样本的真实类标为5.0
基于欧式距离排序： 7 2 0 4 5 1 3 6
该测试样本的真实类标为5.0
基于欧式距离排序： 5 2 7 0 4 1 6 3
该测试样本的真实类标为6.0
基于欧式距离排序： 3 6 2 7 5 4 0 1
该测试样本的真实类标为7.0
基于欧式距离排序： 0 1 7 5 2 4 3 6
该测试样本的真实类标为7.0
基于欧式距离排序： 2 7 5 4 0 1 3 6
该测试样本的真实类标为7.0
基于欧式距离排序： 2 7 5 0 4 1 3 6
该测试样本的真实类标为7.0
基于欧式距离排序： 0 1 7 5 2 4 3 6
该测试样本的真实类标为7.0
基于欧式距离排序： 7 2 0 5 4 1 3 6
该测试样本的真实类标为7.0
基于欧式距离排序： 2 7 5 4 0 1 6 3
该测试样本的真实类标为7.0
基于欧式距离排序： 2 7 5 0 4 1 6 3
该测试样本的真实类标为7.0
基于欧式距离排序： 2 5 7 4 0 1 6 3
该测试样本的真实类标为7.0
基于欧式距离排序： 2 7 5 4 0 1 6 3
该测试样本的真实类标为7.0
基于欧式距离排序： 2 7 5 0 4 1 6 3
该测试样本的真实类标为7.0
基于欧式距离排序： 2 7 5 0 4 1 3 6
正确率(2)：0.8088235294117647正确率(3)：0.8970588235294118正确率(4)：0.9411764705882353