该测试样本的真实类标为3.0
基于高斯距离排序： 0 1 2 3 4 5
该测试样本的真实类标为5.0
基于高斯距离排序： 0 1 2 3 4 5
该测试样本的真实类标为2.0
基于高斯距离排序： 0 1 2 3 4 5
该测试样本的真实类标为4.0
基于高斯距离排序： 0 1 2 3 4 5
该测试样本的真实类标为5.0
基于高斯距离排序： 0 1 2 3 4 5
该测试样本的真实类标为2.0
基于高斯距离排序： 0 1 2 3 4 5
该测试样本的真实类标为2.0
基于高斯距离排序： 0 1 2 3 4 5
该测试样本的真实类标为2.0
基于高斯距离排序： 0 1 2 3 4 5
该测试样本的真实类标为3.0
基于高斯距离排序： 0 1 2 3 4 5
该测试样本的真实类标为1.0
基于高斯距离排序： 0 1 2 3 4 5
该测试样本的真实类标为4.0
基于高斯距离排序： 0 1 2 3 4 5
该测试样本的真实类标为1.0
基于高斯距离排序： 0 1 2 3 4 5
该测试样本的真实类标为3.0
基于高斯距离排序： 0 1 2 3 4 5
该测试样本的真实类标为3.0
基于高斯距离排序： 0 1 2 3 4 5
该测试样本的真实类标为2.0
基于高斯距离排序： 0 1 2 3 4 5
该测试样本的真实类标为5.0
基于高斯距离排序： 0 1 2 3 4 5
该测试样本的真实类标为0.0
基于高斯距离排序： 0 1 2 3 4 5
该测试样本的真实类标为3.0
基于高斯距离排序： 0 1 2 3 4 5
该测试样本的真实类标为3.0
基于高斯距离排序： 0 1 2 3 4 5
该测试样本的真实类标为4.0
基于高斯距离排序： 0 1 2 3 4 5
该测试样本的真实类标为1.0
基于高斯距离排序： 0 1 2 3 4 5
该测试样本的真实类标为1.0
基于高斯距离排序： 0 1 2 3 4 5
该测试样本的真实类标为3.0
基于高斯距离排序： 0 1 2 3 4 5
该测试样本的真实类标为2.0
基于高斯距离排序： 0 1 2 3 4 5
该测试样本的真实类标为3.0
基于高斯距离排序： 0 1 2 3 4 5
该测试样本的真实类标为3.0
基于高斯距离排序： 0 1 2 3 4 5
该测试样本的真实类标为2.0
基于高斯距离排序： 0 1 2 3 4 5
该测试样本的真实类标为2.0
基于高斯距离排序： 0 1 2 3 4 5
该测试样本的真实类标为4.0
基于高斯距离排序： 0 1 2 3 4 5
该测试样本的真实类标为2.0
基于高斯距离排序： 0 1 2 3 4 5
该测试样本的真实类标为4.0
基于高斯距离排序： 0 1 2 3 4 5
该测试样本的真实类标为4.0
基于高斯距离排序： 0 1 2 3 4 5
正确率(2)：0.15625正确率(3)：0.4375正确率(4)：0.71875